3.973122197969752847e+02 0.000000000000000000e+00
4.005109236962208001e+02 1.000000000000000000e+00
4.328406173177373830e+02 2.000000000000000000e+00
4.425324846833280503e+02 3.000000000000000000e+00
4.565939114793363274e+02 4.000000000000000000e+00
4.599086865889793216e+02 5.000000000000000000e+00
4.633788946423865696e+02 6.000000000000000000e+00
4.876720209321014750e+02 7.000000000000000000e+00
4.764860963344051470e+02 8.000000000000000000e+00
4.827235233547252733e+02 9.000000000000000000e+00
4.954492910480345245e+02 1.000000000000000000e+01
5.019412316197983159e+02 1.100000000000000000e+01
4.728604445288271449e+02 1.200000000000000000e+01
4.714191341046733328e+02 1.300000000000000000e+01
4.762278866257203731e+02 1.400000000000000000e+01
4.990210416405304272e+02 1.500000000000000000e+01
4.917753552182134058e+02 1.600000000000000000e+01
4.963063570013989079e+02 1.700000000000000000e+01
4.934257796264803915e+02 1.800000000000000000e+01
4.973348972272104902e+02 1.900000000000000000e+01
5.038114726760397843e+02 2.000000000000000000e+01
5.177460767596409141e+02 2.100000000000000000e+01
4.983603114213651111e+02 2.200000000000000000e+01
4.991542847657425455e+02 2.300000000000000000e+01
4.826427250047389066e+02 2.400000000000000000e+01
4.781662890668893624e+02 2.500000000000000000e+01
4.840185946841298801e+02 2.600000000000000000e+01
4.784861544496350234e+02 2.700000000000000000e+01
4.594834055763058700e+02 2.800000000000000000e+01
4.522930465970044338e+02 2.900000000000000000e+01
4.320948969844471321e+02 3.000000000000000000e+01
4.561984217421186827e+02 3.100000000000000000e+01
4.589193828985652885e+02 3.200000000000000000e+01
4.528520729774790539e+02 3.300000000000000000e+01
4.166257313224904237e+02 3.400000000000000000e+01
4.450191007136659778e+02 3.500000000000000000e+01
4.331200757295833341e+02 3.600000000000000000e+01
4.494296385420080355e+02 3.700000000000000000e+01
4.430925411243118788e+02 3.800000000000000000e+01
4.515739142156021444e+02 3.900000000000000000e+01
4.597216549174075908e+02 4.000000000000000000e+01
4.348976891177969719e+02 4.100000000000000000e+01
4.361215426919426932e+02 4.200000000000000000e+01
4.418789426981104498e+02 4.300000000000000000e+01
4.567636150132801731e+02 4.400000000000000000e+01
4.426251235526514733e+02 4.500000000000000000e+01
4.680416648120122431e+02 4.600000000000000000e+01
4.098865696750748384e+02 4.700000000000000000e+01
4.284436952506128478e+02 4.800000000000000000e+01
4.279310692155922311e+02 4.900000000000000000e+01
4.358268004609170703e+02 5.000000000000000000e+01
4.358623635965830658e+02 5.100000000000000000e+01
4.433215537282165428e+02 5.200000000000000000e+01
4.581779130425210838e+02 5.300000000000000000e+01
4.446144397115325546e+02 5.400000000000000000e+01
4.459383365444150513e+02 5.500000000000000000e+01
4.511296931038789353e+02 5.600000000000000000e+01
4.693559416903124770e+02 5.700000000000000000e+01
4.254503496296600815e+02 5.800000000000000000e+01
4.483079298874826009e+02 5.900000000000000000e+01
4.653342884421907684e+02 6.000000000000000000e+01
4.736538820700195629e+02 6.100000000000000000e+01
4.594213752101658770e+02 6.200000000000000000e+01
4.669903639262806223e+02 6.300000000000000000e+01
4.466419147370743303e+02 6.400000000000000000e+01
4.388188692387782908e+02 6.500000000000000000e+01
4.598032187795122354e+02 6.600000000000000000e+01
4.689722806307426026e+02 6.700000000000000000e+01
5.023942674832188118e+02 6.800000000000000000e+01
5.040049602930510559e+02 6.900000000000000000e+01
4.987163522484499367e+02 7.000000000000000000e+01
4.904263451324775360e+02 7.100000000000000000e+01
4.953443246873835051e+02 7.200000000000000000e+01
4.938835895228752975e+02 7.300000000000000000e+01
5.081604077454283583e+02 7.400000000000000000e+01
5.144317253047288432e+02 7.500000000000000000e+01
5.013561608278091057e+02 7.600000000000000000e+01
5.308945281315301372e+02 7.700000000000000000e+01
5.134335400029881384e+02 7.800000000000000000e+01
4.728646740876294530e+02 7.900000000000000000e+01
4.800489558367979726e+02 8.000000000000000000e+01
4.715220037283519900e+02 8.100000000000000000e+01
4.719163061391288920e+02 8.200000000000000000e+01
4.687397998890215831e+02 8.300000000000000000e+01
4.827380241911755547e+02 8.400000000000000000e+01
4.821452063434832098e+02 8.500000000000000000e+01
4.756069806047846669e+02 8.600000000000000000e+01
5.072149445747828054e+02 8.700000000000000000e+01
5.122450585413196222e+02 8.800000000000000000e+01
5.045502948170776563e+02 8.900000000000000000e+01
4.825287556198076118e+02 9.000000000000000000e+01
4.580611312914467135e+02 9.100000000000000000e+01
4.867525038456402058e+02 9.200000000000000000e+01
4.783157952650111042e+02 9.300000000000000000e+01
5.010269453831799638e+02 9.400000000000000000e+01
4.659044966514060206e+02 9.500000000000000000e+01
4.981907265295089928e+02 9.600000000000000000e+01
4.928711799243287146e+02 9.700000000000000000e+01
4.993355585175163469e+02 9.800000000000000000e+01
4.872278727659164019e+02 9.900000000000000000e+01
5.039910713494833203e+02 1.000000000000000000e+02
5.258583459449893098e+02 1.010000000000000000e+02
5.266820672853784799e+02 1.020000000000000000e+02
5.267010537297225028e+02 1.030000000000000000e+02
5.357863380117115639e+02 1.040000000000000000e+02
5.284098787872914045e+02 1.050000000000000000e+02
5.220028735553090655e+02 1.060000000000000000e+02
5.312617057533885827e+02 1.070000000000000000e+02
5.172407563214638913e+02 1.080000000000000000e+02
5.641347356793410199e+02 1.090000000000000000e+02
5.466754064342020456e+02 1.100000000000000000e+02
5.261672737827772153e+02 1.110000000000000000e+02
5.326490401756112760e+02 1.120000000000000000e+02
5.285026016965290410e+02 1.130000000000000000e+02
5.116268171235749378e+02 1.140000000000000000e+02
5.184486474087863144e+02 1.150000000000000000e+02
5.048118461367561736e+02 1.160000000000000000e+02
5.197345476298453377e+02 1.170000000000000000e+02
5.064582904840239621e+02 1.180000000000000000e+02
4.640721926597196898e+02 1.190000000000000000e+02
4.834335528281006873e+02 1.200000000000000000e+02
4.803176032585105872e+02 1.210000000000000000e+02
4.622185630197039359e+02 1.220000000000000000e+02
4.569124642642177037e+02 1.230000000000000000e+02
4.714647388723784616e+02 1.240000000000000000e+02
4.265583195765850064e+02 1.250000000000000000e+02
4.312621012794887179e+02 1.260000000000000000e+02
4.686597913198869492e+02 1.270000000000000000e+02
4.385555837063301965e+02 1.280000000000000000e+02
4.643533137601152134e+02 1.290000000000000000e+02
4.745545279522680744e+02 1.300000000000000000e+02
4.347182995918161055e+02 1.310000000000000000e+02
4.940182182875445278e+02 1.320000000000000000e+02
4.273967711623474770e+02 1.330000000000000000e+02
4.328533238869721345e+02 1.340000000000000000e+02
4.577837917620063308e+02 1.350000000000000000e+02
4.460425988624853062e+02 1.360000000000000000e+02
4.409115557569340922e+02 1.370000000000000000e+02
4.167961132256393739e+02 1.380000000000000000e+02
3.622195466840518066e+02 1.390000000000000000e+02
4.301244006098700652e+02 1.400000000000000000e+02
3.985047051165142875e+02 1.410000000000000000e+02
4.336957458864451382e+02 1.420000000000000000e+02
4.847339476455099430e+02 1.430000000000000000e+02
5.031361644724020152e+02 1.440000000000000000e+02
5.099431340845761156e+02 1.450000000000000000e+02
4.969718301875872157e+02 1.460000000000000000e+02
5.195382565317014496e+02 1.470000000000000000e+02
5.040466248275054113e+02 1.480000000000000000e+02
4.956238493050954617e+02 1.490000000000000000e+02
5.183676301622238043e+02 1.500000000000000000e+02
4.709490418293681842e+02 1.510000000000000000e+02
4.748357610795547430e+02 1.520000000000000000e+02
4.924560894130561906e+02 1.530000000000000000e+02
5.087504299752482666e+02 1.540000000000000000e+02
5.256995339545204615e+02 1.550000000000000000e+02
5.421881592215012233e+02 1.560000000000000000e+02
5.127094693878785847e+02 1.570000000000000000e+02
5.340074905841677264e+02 1.580000000000000000e+02
5.070335294632890282e+02 1.590000000000000000e+02
5.059061177728531788e+02 1.600000000000000000e+02
5.085823433820722244e+02 1.610000000000000000e+02
5.026927491022722165e+02 1.620000000000000000e+02
5.008852163919394229e+02 1.630000000000000000e+02
4.914458261090432529e+02 1.640000000000000000e+02
4.768920213213888246e+02 1.650000000000000000e+02
4.990220436012822347e+02 1.660000000000000000e+02
4.812192847341012225e+02 1.670000000000000000e+02
4.992924994429617982e+02 1.680000000000000000e+02
5.063358569171257386e+02 1.690000000000000000e+02
5.199365345885976240e+02 1.700000000000000000e+02
4.967484272748127978e+02 1.710000000000000000e+02
5.105075905410222390e+02 1.720000000000000000e+02
5.150029126131230441e+02 1.730000000000000000e+02
5.188294517469107632e+02 1.740000000000000000e+02
5.295375340804464486e+02 1.750000000000000000e+02
5.055284363910698744e+02 1.760000000000000000e+02
4.940020242873504799e+02 1.770000000000000000e+02
5.093328970329719709e+02 1.780000000000000000e+02
4.978503791301157548e+02 1.790000000000000000e+02
4.872381347965284135e+02 1.800000000000000000e+02
5.156636500665913445e+02 1.810000000000000000e+02
4.913145631873738921e+02 1.820000000000000000e+02
4.955572620797721584e+02 1.830000000000000000e+02
4.775835005525211727e+02 1.840000000000000000e+02
4.877366092472452692e+02 1.850000000000000000e+02
4.940364359032641346e+02 1.860000000000000000e+02
4.898724323739804163e+02 1.870000000000000000e+02
4.529337699929207020e+02 1.880000000000000000e+02
4.996218570078775087e+02 1.890000000000000000e+02
4.773080766129984340e+02 1.900000000000000000e+02
4.670331893987835201e+02 1.910000000000000000e+02
4.968057970676268269e+02 1.920000000000000000e+02
5.152077250973629816e+02 1.930000000000000000e+02
4.853843837619830310e+02 1.940000000000000000e+02
5.055848098983987597e+02 1.950000000000000000e+02
4.759611328669600425e+02 1.960000000000000000e+02
4.927727671046767455e+02 1.970000000000000000e+02
4.921707020943038629e+02 1.980000000000000000e+02
4.925342627675764220e+02 1.990000000000000000e+02
4.813460293801123839e+02 2.000000000000000000e+02
5.131179201704029538e+02 2.010000000000000000e+02
5.130984311026491014e+02 2.020000000000000000e+02
5.178561576345307458e+02 2.030000000000000000e+02
5.086246159988720024e+02 2.040000000000000000e+02
5.236449178594211844e+02 2.050000000000000000e+02
5.167852552076152506e+02 2.060000000000000000e+02
5.010568829983278647e+02 2.070000000000000000e+02
5.019113467535875657e+02 2.080000000000000000e+02
5.033338852094104823e+02 2.090000000000000000e+02
4.793412145851846162e+02 2.100000000000000000e+02
4.558058797339060106e+02 2.110000000000000000e+02
4.611431448043004480e+02 2.120000000000000000e+02
4.442645608193388398e+02 2.130000000000000000e+02
4.430293444005712900e+02 2.140000000000000000e+02
4.474751389742227730e+02 2.150000000000000000e+02
4.652450966963542101e+02 2.160000000000000000e+02
4.860750970786304492e+02 2.170000000000000000e+02
4.205793623087086530e+02 2.180000000000000000e+02
4.280081774919726740e+02 2.190000000000000000e+02
4.633076731503591077e+02 2.200000000000000000e+02
4.528421358486862118e+02 2.210000000000000000e+02
4.386935148825430133e+02 2.220000000000000000e+02
4.673178789646293581e+02 2.230000000000000000e+02
5.151397868540150284e+02 2.240000000000000000e+02
5.003838526571375951e+02 2.250000000000000000e+02
5.018426048075232870e+02 2.260000000000000000e+02
4.913511982279070480e+02 2.270000000000000000e+02
4.880553247327601980e+02 2.280000000000000000e+02
4.841239510703844644e+02 2.290000000000000000e+02
4.876053732271620333e+02 2.300000000000000000e+02
4.771645418511312755e+02 2.310000000000000000e+02
4.995898317620165585e+02 2.320000000000000000e+02
4.877140555694494424e+02 2.330000000000000000e+02
4.934845488969233998e+02 2.340000000000000000e+02
4.961814184348301637e+02 2.350000000000000000e+02
5.022768161084084682e+02 2.360000000000000000e+02
4.917702715699679175e+02 2.370000000000000000e+02
4.834904342383621838e+02 2.380000000000000000e+02
5.047851027912769268e+02 2.390000000000000000e+02
5.191310046606732840e+02 2.400000000000000000e+02
5.203710214837102512e+02 2.410000000000000000e+02
4.978363184822899257e+02 2.420000000000000000e+02
5.201807378210000934e+02 2.430000000000000000e+02
4.983402452140505261e+02 2.440000000000000000e+02
4.848649296453601210e+02 2.450000000000000000e+02
4.853215428970776770e+02 2.460000000000000000e+02
4.605312150115342433e+02 2.470000000000000000e+02
4.809875258257744122e+02 2.480000000000000000e+02
4.806901288772216958e+02 2.490000000000000000e+02
5.092347199474913850e+02 2.500000000000000000e+02
5.074366955591603414e+02 2.510000000000000000e+02
4.835380026430187286e+02 2.520000000000000000e+02
4.969185043847733141e+02 2.530000000000000000e+02
5.129844052210554537e+02 2.540000000000000000e+02
5.197162687467075557e+02 2.550000000000000000e+02
4.998879874531893392e+02 2.560000000000000000e+02
4.827090220826621589e+02 2.570000000000000000e+02
5.009071770298365323e+02 2.580000000000000000e+02
5.247037259254026367e+02 2.590000000000000000e+02
5.486437824308227391e+02 2.600000000000000000e+02
5.316145219987881774e+02 2.610000000000000000e+02
5.247399355871439184e+02 2.620000000000000000e+02
5.197460918563987207e+02 2.630000000000000000e+02
5.200307683204907789e+02 2.640000000000000000e+02
5.180376434198580000e+02 2.650000000000000000e+02
5.342780175152258835e+02 2.660000000000000000e+02
5.293637690662253590e+02 2.670000000000000000e+02
5.321813600644051121e+02 2.680000000000000000e+02
5.210076774866182632e+02 2.690000000000000000e+02
5.323513877130404808e+02 2.700000000000000000e+02
5.225801373952133417e+02 2.710000000000000000e+02
5.262822436677870428e+02 2.720000000000000000e+02
5.375248831449572435e+02 2.730000000000000000e+02
5.539981949429077304e+02 2.740000000000000000e+02
5.632663668283416882e+02 2.750000000000000000e+02
5.468957853192873699e+02 2.760000000000000000e+02
5.541073903134662260e+02 2.770000000000000000e+02
5.358255313065998280e+02 2.780000000000000000e+02
4.925494898992384378e+02 2.790000000000000000e+02
5.116258398478325375e+02 2.800000000000000000e+02
4.936132088994377796e+02 2.810000000000000000e+02
4.990951813031257984e+02 2.820000000000000000e+02
4.836269223275313038e+02 2.830000000000000000e+02
5.094457772913619920e+02 2.840000000000000000e+02
5.000869924323167197e+02 2.850000000000000000e+02
5.028707587442324325e+02 2.860000000000000000e+02
4.624078286534517588e+02 2.870000000000000000e+02
4.709840761639399602e+02 2.880000000000000000e+02
4.486189920188399469e+02 2.890000000000000000e+02
4.803186442352617860e+02 2.900000000000000000e+02
4.700563795971713148e+02 2.910000000000000000e+02
4.562729446285413815e+02 2.920000000000000000e+02
4.639558168619076355e+02 2.930000000000000000e+02
4.614097961682218170e+02 2.940000000000000000e+02
4.727959390688545227e+02 2.950000000000000000e+02
4.693751165113037587e+02 2.960000000000000000e+02
4.631090584300850992e+02 2.970000000000000000e+02
4.536485423761438938e+02 2.980000000000000000e+02
4.307226485802667639e+02 2.990000000000000000e+02
4.226487903685517722e+02 3.000000000000000000e+02
4.417884108937218457e+02 3.010000000000000000e+02
4.449865166496621214e+02 3.020000000000000000e+02
4.421719122694249222e+02 3.030000000000000000e+02
4.632321232384472864e+02 3.040000000000000000e+02
4.766927731778613975e+02 3.050000000000000000e+02
4.616546328154847174e+02 3.060000000000000000e+02
4.991853363230935088e+02 3.070000000000000000e+02
4.647332568258914876e+02 3.080000000000000000e+02
4.954977295608931627e+02 3.090000000000000000e+02
4.747494075825687787e+02 3.100000000000000000e+02
5.055749202640494673e+02 3.110000000000000000e+02
5.047979793937372506e+02 3.120000000000000000e+02
5.088388743010895610e+02 3.130000000000000000e+02
4.934521253374029470e+02 3.140000000000000000e+02
5.144025660900225603e+02 3.150000000000000000e+02
5.037946010032263189e+02 3.160000000000000000e+02
4.955744141902404749e+02 3.170000000000000000e+02
5.303743960637617647e+02 3.180000000000000000e+02
4.931683282612540324e+02 3.190000000000000000e+02
5.345792738219467992e+02 3.200000000000000000e+02
5.501208958038223500e+02 3.210000000000000000e+02
5.429889501638132288e+02 3.220000000000000000e+02
5.295129837879331944e+02 3.230000000000000000e+02
5.121161977520335995e+02 3.240000000000000000e+02
4.958084307471989973e+02 3.250000000000000000e+02
5.026241140255807522e+02 3.260000000000000000e+02
4.969698179970288834e+02 3.270000000000000000e+02
5.134997565724836477e+02 3.280000000000000000e+02
5.068027229603250703e+02 3.290000000000000000e+02
5.231347818679236070e+02 3.300000000000000000e+02
5.310696752781126406e+02 3.310000000000000000e+02
5.005277215100078934e+02 3.320000000000000000e+02
4.944876135961344517e+02 3.330000000000000000e+02
4.976283753967412053e+02 3.340000000000000000e+02
4.914600695885678761e+02 3.350000000000000000e+02
4.847813940324030000e+02 3.360000000000000000e+02
5.074219151751331083e+02 3.370000000000000000e+02
5.025435304528355118e+02 3.380000000000000000e+02
4.767284342264472343e+02 3.390000000000000000e+02
4.725388872886547915e+02 3.400000000000000000e+02
4.971800478699844348e+02 3.410000000000000000e+02
4.962257550752480029e+02 3.420000000000000000e+02
4.770199157267964551e+02 3.430000000000000000e+02
4.666497615985676362e+02 3.440000000000000000e+02
4.408253622467745458e+02 3.450000000000000000e+02
4.260129106024839984e+02 3.460000000000000000e+02
3.660601043544625099e+02 3.470000000000000000e+02
4.732314444328483205e+02 3.480000000000000000e+02
4.729397424619758112e+02 3.490000000000000000e+02
4.809469825251011912e+02 3.500000000000000000e+02
4.651548129386602568e+02 3.510000000000000000e+02
4.828736894882553088e+02 3.520000000000000000e+02
4.744175376184990682e+02 3.530000000000000000e+02
4.771854985223251902e+02 3.540000000000000000e+02
5.036963370921015439e+02 3.550000000000000000e+02
4.892616886697751397e+02 3.560000000000000000e+02
4.784757047123709413e+02 3.570000000000000000e+02
4.860061728003050803e+02 3.580000000000000000e+02
4.827980944452867220e+02 3.590000000000000000e+02
4.134210928339288103e+02 3.600000000000000000e+02
4.679732898360759918e+02 3.610000000000000000e+02
4.844811657845947934e+02 3.620000000000000000e+02
4.650075268208032071e+02 3.630000000000000000e+02
4.445638311873785256e+02 3.640000000000000000e+02
4.711358615091829165e+02 3.650000000000000000e+02
4.265243252148698048e+02 3.660000000000000000e+02
4.811496648653098873e+02 3.670000000000000000e+02
4.603943961431328944e+02 3.680000000000000000e+02
4.578045434462179060e+02 3.690000000000000000e+02
4.694709788687688388e+02 3.700000000000000000e+02
4.806859681746493607e+02 3.710000000000000000e+02
4.744628541835493252e+02 3.720000000000000000e+02
4.853483285229279431e+02 3.730000000000000000e+02
4.940192303949310713e+02 3.740000000000000000e+02
4.985027582671935420e+02 3.750000000000000000e+02
4.480725387702308353e+02 3.760000000000000000e+02
4.697893144804381222e+02 3.770000000000000000e+02
5.106564402805471445e+02 3.780000000000000000e+02
5.143170228565256821e+02 3.790000000000000000e+02
5.074022073266926327e+02 3.800000000000000000e+02
5.376430042323623866e+02 3.810000000000000000e+02
4.963234832243987285e+02 3.820000000000000000e+02
5.330121949824413150e+02 3.830000000000000000e+02
5.366032053575528380e+02 3.840000000000000000e+02
5.519501789111042171e+02 3.850000000000000000e+02
5.451541066524217740e+02 3.860000000000000000e+02
5.661528062281419125e+02 3.870000000000000000e+02
5.784816332434419337e+02 3.880000000000000000e+02
5.505869595259226799e+02 3.890000000000000000e+02
5.615122438558219073e+02 3.900000000000000000e+02
5.326856483893667473e+02 3.910000000000000000e+02
5.300047169601417636e+02 3.920000000000000000e+02
5.072139587984542004e+02 3.930000000000000000e+02
5.448128118904694475e+02 3.940000000000000000e+02
5.443197589652611441e+02 3.950000000000000000e+02
5.283001041075044668e+02 3.960000000000000000e+02
5.310112993148073883e+02 3.970000000000000000e+02
5.250285706511599528e+02 3.980000000000000000e+02
5.160600740223951561e+02 3.990000000000000000e+02
5.240887329450996504e+02 4.000000000000000000e+02
5.456949697404219251e+02 4.010000000000000000e+02
5.527784366271897625e+02 4.020000000000000000e+02
5.780709299039349389e+02 4.030000000000000000e+02
5.731177889404585812e+02 4.040000000000000000e+02
5.389332055088088964e+02 4.050000000000000000e+02
5.099548999666538975e+02 4.060000000000000000e+02
5.578100034958139304e+02 4.070000000000000000e+02
5.314160328781961198e+02 4.080000000000000000e+02
5.128635296060737119e+02 4.090000000000000000e+02
5.072957717150814005e+02 4.100000000000000000e+02
5.188959433258271474e+02 4.110000000000000000e+02
5.160862331045074143e+02 4.120000000000000000e+02
5.001729700813509680e+02 4.130000000000000000e+02
5.083414207006940160e+02 4.140000000000000000e+02
5.291493173008918802e+02 4.150000000000000000e+02
4.706261786173820383e+02 4.160000000000000000e+02
4.974957286248797459e+02 4.170000000000000000e+02
4.984044542337076678e+02 4.180000000000000000e+02
4.960120966266850928e+02 4.190000000000000000e+02
4.823028094465136064e+02 4.200000000000000000e+02
4.837685396964130859e+02 4.210000000000000000e+02
4.954624102795286831e+02 4.220000000000000000e+02
5.260883956142731677e+02 4.230000000000000000e+02
5.154987875834433453e+02 4.240000000000000000e+02
5.337930310522983746e+02 4.250000000000000000e+02
5.411349184815187527e+02 4.260000000000000000e+02
5.449935779438139889e+02 4.270000000000000000e+02
5.608083451590213144e+02 4.280000000000000000e+02
5.644864923096034772e+02 4.290000000000000000e+02
5.490646592160162527e+02 4.300000000000000000e+02
5.608208270027067783e+02 4.310000000000000000e+02
5.286501678804235098e+02 4.320000000000000000e+02
5.564719220230253995e+02 4.330000000000000000e+02
5.488469732083798363e+02 4.340000000000000000e+02
5.287541962008433529e+02 4.350000000000000000e+02
5.452476501554133392e+02 4.360000000000000000e+02
5.308869936248203203e+02 4.370000000000000000e+02
5.305572542148490811e+02 4.380000000000000000e+02
5.171469810411736034e+02 4.390000000000000000e+02
5.005087411824093238e+02 4.400000000000000000e+02
5.115525388462068577e+02 4.410000000000000000e+02
5.295177050864305102e+02 4.420000000000000000e+02
5.099882351584200819e+02 4.430000000000000000e+02
5.110802285355989056e+02 4.440000000000000000e+02
4.908085166335237659e+02 4.450000000000000000e+02
4.920335354424533421e+02 4.460000000000000000e+02
4.746693586065989052e+02 4.470000000000000000e+02
4.742309563915034119e+02 4.480000000000000000e+02
4.587177781599488071e+02 4.490000000000000000e+02
4.534721601157010582e+02 4.500000000000000000e+02
4.687397998890215831e+02 4.510000000000000000e+02
4.763559593413312427e+02 4.520000000000000000e+02
4.563715591489022927e+02 4.530000000000000000e+02
4.614282176026949287e+02 4.540000000000000000e+02
4.466407952706514948e+02 4.550000000000000000e+02
4.840568148471829772e+02 4.560000000000000000e+02
4.565216314699666214e+02 4.570000000000000000e+02
4.508758143879531985e+02 4.580000000000000000e+02
4.639989224125417877e+02 4.590000000000000000e+02
4.279836445473121103e+02 4.600000000000000000e+02
4.286782009853078534e+02 4.610000000000000000e+02
4.502665877011084490e+02 4.620000000000000000e+02
4.284576991956148504e+02 4.630000000000000000e+02
4.639859911678368576e+02 4.640000000000000000e+02
4.487571726446274738e+02 4.650000000000000000e+02
4.428690551393266901e+02 4.660000000000000000e+02
4.375294275817341827e+02 4.670000000000000000e+02
4.397647098165108446e+02 4.680000000000000000e+02
4.206494978007224290e+02 4.690000000000000000e+02
4.158425182686349331e+02 4.700000000000000000e+02
4.364722213383114990e+02 4.710000000000000000e+02
4.205365620252298413e+02 4.720000000000000000e+02
4.080722975160161354e+02 4.730000000000000000e+02
4.300685991792472009e+02 4.740000000000000000e+02
4.128401627748928036e+02 4.750000000000000000e+02
3.913029516883306087e+02 4.760000000000000000e+02
4.113137488584596326e+02 4.770000000000000000e+02
4.181973218469960329e+02 4.780000000000000000e+02
4.204331100187043830e+02 4.790000000000000000e+02
4.067726637816263064e+02 4.800000000000000000e+02
3.997661816612305756e+02 4.810000000000000000e+02
3.808805587057444200e+02 4.820000000000000000e+02
3.901051140397931363e+02 4.830000000000000000e+02
4.118749810318660138e+02 4.840000000000000000e+02
4.013103537164222985e+02 4.850000000000000000e+02
4.054392679551402239e+02 4.860000000000000000e+02
4.097059921455872313e+02 4.870000000000000000e+02
3.880283494797770345e+02 4.880000000000000000e+02
3.897640311778396836e+02 4.890000000000000000e+02
3.794706839796718896e+02 4.900000000000000000e+02
3.815271943125417806e+02 4.910000000000000000e+02
3.937118235461058475e+02 4.920000000000000000e+02
3.924971337474963207e+02 4.930000000000000000e+02
3.959166578965831036e+02 4.940000000000000000e+02
3.562078045186545410e+02 4.950000000000000000e+02
3.639340599614166649e+02 4.960000000000000000e+02
3.795194329675359199e+02 4.970000000000000000e+02
3.734715517947786338e+02 4.980000000000000000e+02
3.759055732494531412e+02 4.990000000000000000e+02
3.858665572448589387e+02 5.000000000000000000e+02
3.740481252459367738e+02 5.010000000000000000e+02
3.547900787789872652e+02 5.020000000000000000e+02
3.761329552166361054e+02 5.030000000000000000e+02
3.821033891501094786e+02 5.040000000000000000e+02
3.532860031192857946e+02 5.050000000000000000e+02
3.667505964548660700e+02 5.060000000000000000e+02
3.726700953926944635e+02 5.070000000000000000e+02
3.563551599177427534e+02 5.080000000000000000e+02
3.776824062621927283e+02 5.090000000000000000e+02
3.657922907880919183e+02 5.100000000000000000e+02
3.593828042630865980e+02 5.110000000000000000e+02
3.682906460935438986e+02 5.120000000000000000e+02
3.713260023214102716e+02 5.130000000000000000e+02
3.691408945104836334e+02 5.140000000000000000e+02
3.677444765050863680e+02 5.150000000000000000e+02
3.598291261140487336e+02 5.160000000000000000e+02
3.718790125833938305e+02 5.170000000000000000e+02
3.436000582072127827e+02 5.180000000000000000e+02
3.387048862948392980e+02 5.190000000000000000e+02
3.623216802787268875e+02 5.200000000000000000e+02
3.622788980881994689e+02 5.210000000000000000e+02
3.508959959874150627e+02 5.220000000000000000e+02
3.404364845312558714e+02 5.230000000000000000e+02
3.441060882925497140e+02 5.240000000000000000e+02
3.333016651623570965e+02 5.250000000000000000e+02
3.381050132725038679e+02 5.260000000000000000e+02
3.617678813825240809e+02 5.270000000000000000e+02
3.622154055254966920e+02 5.280000000000000000e+02
3.633001513900042596e+02 5.290000000000000000e+02
3.316157414840254773e+02 5.300000000000000000e+02
3.403982961179447670e+02 5.310000000000000000e+02
3.367001633501237166e+02 5.320000000000000000e+02
3.404820112722550220e+02 5.330000000000000000e+02
3.455068740271313459e+02 5.340000000000000000e+02
3.412565017695633856e+02 5.350000000000000000e+02
3.468501117197455983e+02 5.360000000000000000e+02
3.519644868449088335e+02 5.370000000000000000e+02
3.505481422001834062e+02 5.380000000000000000e+02
3.327581704481499401e+02 5.390000000000000000e+02
3.262744243731034430e+02 5.400000000000000000e+02
3.408225344662527050e+02 5.410000000000000000e+02
3.390973311602436979e+02 5.420000000000000000e+02
3.535958144548659448e+02 5.430000000000000000e+02
3.378564784046622549e+02 5.440000000000000000e+02
3.512563166691810466e+02 5.450000000000000000e+02
3.499957142594748802e+02 5.460000000000000000e+02
3.360059523282288296e+02 5.470000000000000000e+02
3.187961731263410456e+02 5.480000000000000000e+02
3.408797441914083493e+02 5.490000000000000000e+02
3.477829783068746110e+02 5.500000000000000000e+02
3.357439500571827011e+02 5.510000000000000000e+02
3.311344137959689533e+02 5.520000000000000000e+02
2.992691096655316301e+02 5.530000000000000000e+02
3.519275493620810380e+02 5.540000000000000000e+02
3.269067145226601383e+02 5.550000000000000000e+02
3.500499964290815456e+02 5.560000000000000000e+02
3.390486690727453833e+02 5.570000000000000000e+02
3.310135948869773870e+02 5.580000000000000000e+02
3.419473643706001553e+02 5.590000000000000000e+02
3.248230287402665226e+02 5.600000000000000000e+02
2.871759042816789247e+02 5.610000000000000000e+02
3.423550788289842330e+02 5.620000000000000000e+02
3.750666607417940099e+02 5.630000000000000000e+02
3.660723972112620004e+02 5.640000000000000000e+02
3.521959681768091741e+02 5.650000000000000000e+02
3.525620512760838778e+02 5.660000000000000000e+02
3.428323205300224004e+02 5.670000000000000000e+02
3.519048166763279823e+02 5.680000000000000000e+02
3.495182398673923103e+02 5.690000000000000000e+02
3.482341166514274846e+02 5.700000000000000000e+02
3.723774966347993427e+02 5.710000000000000000e+02
3.419766073871135177e+02 5.720000000000000000e+02
3.390943821416096284e+02 5.730000000000000000e+02
3.580293284076040550e+02 5.740000000000000000e+02
3.449405745922042001e+02 5.750000000000000000e+02
3.645668662947854841e+02 5.760000000000000000e+02
3.329549519079120046e+02 5.770000000000000000e+02
3.450043477986907874e+02 5.780000000000000000e+02
3.563916385102209574e+02 5.790000000000000000e+02
3.308745986019476959e+02 5.800000000000000000e+02
3.363406011768427675e+02 5.810000000000000000e+02
3.543388209045122608e+02 5.820000000000000000e+02
3.323492139301671386e+02 5.830000000000000000e+02
3.608628548354623717e+02 5.840000000000000000e+02
3.430961964231022989e+02 5.850000000000000000e+02
3.412154744439354772e+02 5.860000000000000000e+02
3.336225412048772228e+02 5.870000000000000000e+02
3.214249523605782315e+02 5.880000000000000000e+02
3.280320106331087686e+02 5.890000000000000000e+02
3.409604082587889025e+02 5.900000000000000000e+02
3.438895171417703978e+02 5.910000000000000000e+02
3.312597168386159296e+02 5.920000000000000000e+02
3.280091462139432679e+02 5.930000000000000000e+02
3.342902930089355777e+02 5.940000000000000000e+02
3.342095151248689149e+02 5.950000000000000000e+02
3.464520168796827875e+02 5.960000000000000000e+02
3.326319287140066194e+02 5.970000000000000000e+02
3.158179855549711874e+02 5.980000000000000000e+02
3.490028653177506612e+02 5.990000000000000000e+02
3.337079561532808043e+02 6.000000000000000000e+02
3.478706656215783823e+02 6.010000000000000000e+02
3.122130682722938104e+02 6.020000000000000000e+02
3.337289319193048414e+02 6.030000000000000000e+02
3.309078421554859233e+02 6.040000000000000000e+02
3.175059054568906731e+02 6.050000000000000000e+02
3.252460606986654739e+02 6.060000000000000000e+02
3.044930212664979763e+02 6.070000000000000000e+02
3.152221438922081802e+02 6.080000000000000000e+02
3.361993456269657941e+02 6.090000000000000000e+02
3.171435006428478118e+02 6.100000000000000000e+02
3.301302773148806295e+02 6.110000000000000000e+02
3.411290078547996814e+02 6.120000000000000000e+02
3.231686866019045397e+02 6.130000000000000000e+02
3.466972742898334445e+02 6.140000000000000000e+02
3.338577541408915863e+02 6.150000000000000000e+02
3.342528982671653921e+02 6.160000000000000000e+02
3.241157200754076371e+02 6.170000000000000000e+02
3.198140084486606725e+02 6.180000000000000000e+02
3.202202367121728344e+02 6.190000000000000000e+02
3.261901286060017924e+02 6.200000000000000000e+02
3.184399472428042941e+02 6.210000000000000000e+02
3.359568424664096824e+02 6.220000000000000000e+02
3.165343583246532830e+02 6.230000000000000000e+02
3.102031592360077639e+02 6.240000000000000000e+02
3.166133288413486753e+02 6.250000000000000000e+02
3.167980429232478627e+02 6.260000000000000000e+02
3.248368821424069779e+02 6.270000000000000000e+02
3.126995362964262313e+02 6.280000000000000000e+02
3.436146097010428093e+02 6.290000000000000000e+02
3.388406705222972732e+02 6.300000000000000000e+02
3.412389192340170325e+02 6.310000000000000000e+02
3.251737996825697792e+02 6.320000000000000000e+02
3.334381501868074906e+02 6.330000000000000000e+02
3.425711604907803576e+02 6.340000000000000000e+02
3.251276672324273136e+02 6.350000000000000000e+02
3.049836061167878825e+02 6.360000000000000000e+02
3.172806328788443579e+02 6.370000000000000000e+02
3.020413878924542246e+02 6.380000000000000000e+02
3.389055915738186968e+02 6.390000000000000000e+02
3.140254766734699388e+02 6.400000000000000000e+02
3.459046111285595657e+02 6.410000000000000000e+02
3.276079974603794653e+02 6.420000000000000000e+02
3.453462031063900213e+02 6.430000000000000000e+02
3.306085298355140480e+02 6.440000000000000000e+02
2.967102964172291877e+02 6.450000000000000000e+02
2.956416750054024192e+02 6.460000000000000000e+02
2.980050335145364784e+02 6.470000000000000000e+02
3.070455992193993211e+02 6.480000000000000000e+02
3.341197390158204712e+02 6.490000000000000000e+02
3.310891118717134987e+02 6.500000000000000000e+02
3.310709893663291155e+02 6.510000000000000000e+02
3.377543486026493724e+02 6.520000000000000000e+02
3.357245895075307089e+02 6.530000000000000000e+02
3.230263147175474501e+02 6.540000000000000000e+02
3.177703573337198577e+02 6.550000000000000000e+02
3.169006153354707749e+02 6.560000000000000000e+02
3.185184453057624978e+02 6.570000000000000000e+02
3.479051594903415889e+02 6.580000000000000000e+02
3.259509165503296799e+02 6.590000000000000000e+02
3.257115288103876765e+02 6.600000000000000000e+02
3.229365262710305160e+02 6.610000000000000000e+02
3.489985673323029687e+02 6.620000000000000000e+02
3.584020089229411496e+02 6.630000000000000000e+02
3.514413180034470656e+02 6.640000000000000000e+02
3.475600667510581729e+02 6.650000000000000000e+02
3.457773850326246929e+02 6.660000000000000000e+02
3.655557413035664354e+02 6.670000000000000000e+02
3.827466525000577917e+02 6.680000000000000000e+02
3.356218109718139431e+02 6.690000000000000000e+02
3.771259736480636775e+02 6.700000000000000000e+02
3.825218947981932160e+02 6.710000000000000000e+02
3.882190103536919992e+02 6.720000000000000000e+02
3.686977081566957395e+02 6.730000000000000000e+02
3.494753210170927105e+02 6.740000000000000000e+02
3.551830513974448991e+02 6.750000000000000000e+02
3.563214840561820438e+02 6.760000000000000000e+02
3.421739323794259917e+02 6.770000000000000000e+02
3.470720386317514681e+02 6.780000000000000000e+02
3.555685587900032374e+02 6.790000000000000000e+02
3.417016242279219682e+02 6.800000000000000000e+02
3.383223315124202486e+02 6.810000000000000000e+02
3.248861338992478522e+02 6.820000000000000000e+02
3.415435550555741315e+02 6.830000000000000000e+02
3.263663585604373907e+02 6.840000000000000000e+02
3.354936661101070854e+02 6.850000000000000000e+02
3.256286228205377142e+02 6.860000000000000000e+02
3.309984894225349876e+02 6.870000000000000000e+02
3.373796081567467695e+02 6.880000000000000000e+02
3.524003405219694400e+02 6.890000000000000000e+02
3.431151410241174631e+02 6.900000000000000000e+02
3.779748668893211061e+02 6.910000000000000000e+02
3.619709933130001787e+02 6.920000000000000000e+02
3.608614692648690152e+02 6.930000000000000000e+02
3.739518685606477675e+02 6.940000000000000000e+02
3.369183877439757566e+02 6.950000000000000000e+02
3.420014619851792190e+02 6.960000000000000000e+02
3.380843090118203236e+02 6.970000000000000000e+02
3.344727193658699775e+02 6.980000000000000000e+02
3.441017291441587531e+02 6.990000000000000000e+02
3.444720598248862302e+02 7.000000000000000000e+02
3.456501121076051390e+02 7.010000000000000000e+02
3.217017252051968512e+02 7.020000000000000000e+02
3.342484106170140308e+02 7.030000000000000000e+02
3.311449833532134335e+02 7.040000000000000000e+02
3.368426932560657292e+02 7.050000000000000000e+02
3.244040690250354828e+02 7.060000000000000000e+02
3.312612262248632078e+02 7.070000000000000000e+02
3.355100594617097158e+02 7.080000000000000000e+02
3.345026158343160319e+02 7.090000000000000000e+02
3.441104473857194535e+02 7.100000000000000000e+02
3.139331138953009486e+02 7.110000000000000000e+02
3.263020073490201298e+02 7.120000000000000000e+02
3.253505801439425795e+02 7.130000000000000000e+02
3.156041824817915540e+02 7.140000000000000000e+02
3.209579411698672970e+02 7.150000000000000000e+02
3.354772719574308439e+02 7.160000000000000000e+02
3.310770303116783566e+02 7.170000000000000000e+02
3.171119676076574478e+02 7.180000000000000000e+02
3.037894007367603990e+02 7.190000000000000000e+02
3.573499685182580379e+02 7.200000000000000000e+02
3.612865898424684019e+02 7.210000000000000000e+02
3.653573593072952121e+02 7.220000000000000000e+02
3.454475358140509229e+02 7.230000000000000000e+02
3.696877060438986291e+02 7.240000000000000000e+02
3.658592625587057796e+02 7.250000000000000000e+02
3.675037414775528646e+02 7.260000000000000000e+02
3.525351046349852595e+02 7.270000000000000000e+02
3.442077860827671429e+02 7.280000000000000000e+02
3.781891061360705066e+02 7.290000000000000000e+02
3.666756059516367827e+02 7.300000000000000000e+02
3.680801543142471814e+02 7.310000000000000000e+02
3.611744730736102156e+02 7.320000000000000000e+02
3.586181813572758870e+02 7.330000000000000000e+02
3.546885958132851897e+02 7.340000000000000000e+02
3.417879459547981469e+02 7.350000000000000000e+02
3.411348706889988875e+02 7.360000000000000000e+02
3.630192832343758482e+02 7.370000000000000000e+02
3.502998715386575554e+02 7.380000000000000000e+02
3.542936635052904535e+02 7.390000000000000000e+02
3.391194479825655890e+02 7.400000000000000000e+02
3.524953900407776928e+02 7.410000000000000000e+02
3.477326559298105622e+02 7.420000000000000000e+02
3.232769710325806614e+02 7.430000000000000000e+02
3.407051511204372787e+02 7.440000000000000000e+02
3.534572109888267732e+02 7.450000000000000000e+02
3.226112211315657419e+02 7.460000000000000000e+02
3.482829309627447287e+02 7.470000000000000000e+02
3.482240657967223001e+02 7.480000000000000000e+02
3.677730278310251606e+02 7.490000000000000000e+02
3.436146097010428093e+02 7.500000000000000000e+02
3.671552805013159286e+02 7.510000000000000000e+02
3.571148274715010871e+02 7.520000000000000000e+02
3.465616828213990743e+02 7.530000000000000000e+02
3.146601341129822913e+02 7.540000000000000000e+02
3.350388037227926930e+02 7.550000000000000000e+02
3.610387790805857549e+02 7.560000000000000000e+02
3.157419832711512981e+02 7.570000000000000000e+02
3.259677898197918466e+02 7.580000000000000000e+02
3.278017693667927688e+02 7.590000000000000000e+02
3.455285805834301982e+02 7.600000000000000000e+02
3.341122565845197983e+02 7.610000000000000000e+02
3.442194067742258881e+02 7.620000000000000000e+02
3.243038698504844888e+02 7.630000000000000000e+02
3.495711658589706872e+02 7.640000000000000000e+02
3.488853679935574519e+02 7.650000000000000000e+02
3.334126572282461893e+02 7.660000000000000000e+02
3.353967799487645607e+02 7.670000000000000000e+02
3.590348172531460591e+02 7.680000000000000000e+02
3.798183776491074468e+02 7.690000000000000000e+02
3.592366907764294410e+02 7.700000000000000000e+02
3.641716628185120044e+02 7.710000000000000000e+02
3.325717967597372535e+02 7.720000000000000000e+02
3.676411293639491760e+02 7.730000000000000000e+02
3.479109081359766833e+02 7.740000000000000000e+02
3.868074456367147036e+02 7.750000000000000000e+02
3.639945054530356288e+02 7.760000000000000000e+02
3.392978042958721971e+02 7.770000000000000000e+02
3.807229964160295026e+02 7.780000000000000000e+02
3.701621266418270579e+02 7.790000000000000000e+02
3.535095472543846427e+02 7.800000000000000000e+02
3.659849723690851420e+02 7.810000000000000000e+02
3.663959606764244654e+02 7.820000000000000000e+02
3.573723548345618610e+02 7.830000000000000000e+02
3.271956601179178392e+02 7.840000000000000000e+02
3.439709290041819827e+02 7.850000000000000000e+02
3.401573165463297528e+02 7.860000000000000000e+02
3.647464873031678962e+02 7.870000000000000000e+02
3.787400163700688154e+02 7.880000000000000000e+02
3.656227564033727049e+02 7.890000000000000000e+02
3.699540512009565987e+02 7.900000000000000000e+02
3.328453094156503198e+02 7.910000000000000000e+02
3.824486893689139038e+02 7.920000000000000000e+02
3.618245431144769668e+02 7.930000000000000000e+02
3.644392953565792368e+02 7.940000000000000000e+02
3.288175786055240906e+02 7.950000000000000000e+02
3.463221044057107179e+02 7.960000000000000000e+02
3.553955542772025069e+02 7.970000000000000000e+02
3.565683665161563454e+02 7.980000000000000000e+02
3.718090907979523649e+02 7.990000000000000000e+02
3.774016428157142968e+02 8.000000000000000000e+02
4.011171898585250233e+02 8.010000000000000000e+02
3.305586180997252654e+02 8.020000000000000000e+02
3.586265467028340481e+02 8.030000000000000000e+02
3.318041591059400730e+02 8.040000000000000000e+02
3.248153321504389623e+02 8.050000000000000000e+02
3.151904186361000484e+02 8.060000000000000000e+02
3.651150503608417353e+02 8.070000000000000000e+02
3.304905444940898747e+02 8.080000000000000000e+02
3.132842160084034617e+02 8.090000000000000000e+02
3.272506684485151709e+02 8.100000000000000000e+02
3.116568625908950025e+02 8.110000000000000000e+02
3.353863443850986528e+02 8.120000000000000000e+02
3.257990178008521980e+02 8.130000000000000000e+02
3.098806221757017170e+02 8.140000000000000000e+02
3.363064079080266424e+02 8.150000000000000000e+02
3.140652798384437574e+02 8.160000000000000000e+02
3.261349413969622333e+02 8.170000000000000000e+02
3.319969879381437750e+02 8.180000000000000000e+02
3.356024433760874786e+02 8.190000000000000000e+02
3.478016676210739320e+02 8.200000000000000000e+02
3.269342441531630357e+02 8.210000000000000000e+02
3.164522080820419774e+02 8.220000000000000000e+02
3.313004678535784819e+02 8.230000000000000000e+02
3.357111853960186636e+02 8.240000000000000000e+02
3.402440300725348266e+02 8.250000000000000000e+02
3.304814669538974385e+02 8.260000000000000000e+02
3.261180767758818888e+02 8.270000000000000000e+02
3.142101207790735771e+02 8.280000000000000000e+02
3.161392098427526776e+02 8.290000000000000000e+02
3.598944289649396637e+02 8.300000000000000000e+02
3.414059167618510742e+02 8.310000000000000000e+02
3.575723702972588285e+02 8.320000000000000000e+02
3.557414791671052967e+02 8.330000000000000000e+02
3.655653156414049363e+02 8.340000000000000000e+02
3.524826236851966996e+02 8.350000000000000000e+02
3.491360766234277548e+02 8.360000000000000000e+02
3.520724357287857629e+02 8.370000000000000000e+02
3.430845376871420740e+02 8.380000000000000000e+02
3.388480485409352241e+02 8.390000000000000000e+02
3.659726765757247335e+02 8.400000000000000000e+02
3.592436499090832740e+02 8.410000000000000000e+02
3.357886239883656572e+02 8.420000000000000000e+02
3.414454568448671239e+02 8.430000000000000000e+02
3.510840355242602300e+02 8.440000000000000000e+02
3.207241805664175445e+02 8.450000000000000000e+02
3.617817021354175608e+02 8.460000000000000000e+02
3.493408078080772725e+02 8.470000000000000000e+02
3.543190652505168146e+02 8.480000000000000000e+02
3.202233595476757273e+02 8.490000000000000000e+02
3.319593348589552875e+02 8.500000000000000000e+02
3.376551495238892358e+02 8.510000000000000000e+02
3.520326689385518080e+02 8.520000000000000000e+02
3.431165982577933846e+02 8.530000000000000000e+02
3.354489528974565360e+02 8.540000000000000000e+02
3.722996105289394677e+02 8.550000000000000000e+02
3.620262421427485151e+02 8.560000000000000000e+02
3.822473021487529081e+02 8.570000000000000000e+02
3.610830929301453693e+02 8.580000000000000000e+02
3.692790272950794019e+02 8.590000000000000000e+02
3.761302965728764320e+02 8.600000000000000000e+02
3.333586657040731325e+02 8.610000000000000000e+02
3.505552738156994224e+02 8.620000000000000000e+02
3.213876164384682852e+02 8.630000000000000000e+02
3.594398419763730317e+02 8.640000000000000000e+02
3.450999855114456523e+02 8.650000000000000000e+02
3.369643898099619719e+02 8.660000000000000000e+02
3.410630440255877147e+02 8.670000000000000000e+02
3.529334214834293562e+02 8.680000000000000000e+02
3.503526794531476298e+02 8.690000000000000000e+02
3.483403508065064784e+02 8.700000000000000000e+02
3.314679471683498946e+02 8.710000000000000000e+02
3.310740098527820123e+02 8.720000000000000000e+02
3.495911898203385704e+02 8.730000000000000000e+02
3.259861960267642758e+02 8.740000000000000000e+02
3.353222330833432920e+02 8.750000000000000000e+02
3.610360092843925486e+02 8.760000000000000000e+02
3.367239225240761016e+02 8.770000000000000000e+02
3.496498248247809215e+02 8.780000000000000000e+02
3.385675708038205016e+02 8.790000000000000000e+02
3.476334276216830972e+02 8.800000000000000000e+02
3.632547315589984009e+02 8.810000000000000000e+02
3.630482061655173425e+02 8.820000000000000000e+02
3.533496851562202892e+02 8.830000000000000000e+02
3.735237609577200715e+02 8.840000000000000000e+02
3.876325579721084296e+02 8.850000000000000000e+02
3.603775797687753197e+02 8.860000000000000000e+02
3.540310720826633997e+02 8.870000000000000000e+02
3.366570955735227244e+02 8.880000000000000000e+02
3.800670993390509125e+02 8.890000000000000000e+02
3.846816865929544065e+02 8.900000000000000000e+02
3.684738796712733233e+02 8.910000000000000000e+02
3.641153663332543147e+02 8.920000000000000000e+02
3.783860462543511858e+02 8.930000000000000000e+02
3.385439410180013624e+02 8.940000000000000000e+02
3.376462646024682499e+02 8.950000000000000000e+02
3.593661085856595037e+02 8.960000000000000000e+02
3.738007490629198628e+02 8.970000000000000000e+02
4.198297273895692001e+02 8.980000000000000000e+02
3.440581346226244932e+02 8.990000000000000000e+02
3.761329552166361054e+02 9.000000000000000000e+02
3.668119409179586796e+02 9.010000000000000000e+02
3.736147748684465455e+02 9.020000000000000000e+02
3.910792758508177371e+02 9.030000000000000000e+02
3.956437791751565101e+02 9.040000000000000000e+02
4.074211580171064497e+02 9.050000000000000000e+02
3.851817752698068489e+02 9.060000000000000000e+02
3.942258236087534442e+02 9.070000000000000000e+02
3.772253968120386389e+02 9.080000000000000000e+02
3.818638500827225357e+02 9.090000000000000000e+02
3.868022750708687454e+02 9.100000000000000000e+02
3.786977686757607557e+02 9.110000000000000000e+02
3.879896905846854906e+02 9.120000000000000000e+02
3.895292030130731860e+02 9.130000000000000000e+02
3.706845019689924925e+02 9.140000000000000000e+02
3.687722874620596940e+02 9.150000000000000000e+02
3.643748070325389676e+02 9.160000000000000000e+02
3.630151511989547544e+02 9.170000000000000000e+02
3.716544093643986457e+02 9.180000000000000000e+02
3.892441393264643352e+02 9.190000000000000000e+02
3.705495918227410357e+02 9.200000000000000000e+02
3.832310008337008185e+02 9.210000000000000000e+02
3.806376229433974459e+02 9.220000000000000000e+02
3.655147055865194829e+02 9.230000000000000000e+02
3.712680972020084482e+02 9.240000000000000000e+02
3.805193818979527123e+02 9.250000000000000000e+02
3.754650449775584775e+02 9.260000000000000000e+02
3.935149298311310417e+02 9.270000000000000000e+02
3.720040322362111169e+02 9.280000000000000000e+02
3.855904563134311047e+02 9.290000000000000000e+02
3.707829553795589277e+02 9.300000000000000000e+02
3.645216042980168822e+02 9.310000000000000000e+02
4.163315986086091129e+02 9.320000000000000000e+02
3.649698617694343170e+02 9.330000000000000000e+02
3.960404019793940051e+02 9.340000000000000000e+02
4.086783576359286485e+02 9.350000000000000000e+02
3.880012886576537881e+02 9.360000000000000000e+02
3.744275630879756704e+02 9.370000000000000000e+02
3.705671329192593362e+02 9.380000000000000000e+02
3.664737371217752298e+02 9.390000000000000000e+02
4.001449737282726460e+02 9.400000000000000000e+02
3.637980208852159194e+02 9.410000000000000000e+02
3.790791474085589812e+02 9.420000000000000000e+02
3.623892934400794275e+02 9.430000000000000000e+02
3.537272960912120539e+02 9.440000000000000000e+02
3.702472147093074568e+02 9.450000000000000000e+02
3.725493255932696002e+02 9.460000000000000000e+02
3.947150871198110167e+02 9.470000000000000000e+02
3.730777398880828173e+02 9.480000000000000000e+02
3.956134476986342179e+02 9.490000000000000000e+02
3.655160735179781568e+02 9.500000000000000000e+02
4.000624951179502773e+02 9.510000000000000000e+02
3.781401856454825179e+02 9.520000000000000000e+02
3.839283787374931762e+02 9.530000000000000000e+02
3.643391277367831549e+02 9.540000000000000000e+02
3.723331841241121651e+02 9.550000000000000000e+02
3.950253156444533715e+02 9.560000000000000000e+02
3.823963911963605256e+02 9.570000000000000000e+02
3.716692077641084211e+02 9.580000000000000000e+02
3.886206376403600302e+02 9.590000000000000000e+02
3.706426850755320288e+02 9.600000000000000000e+02
3.691598569725587140e+02 9.610000000000000000e+02
3.710296484110131132e+02 9.620000000000000000e+02
3.692641331079963152e+02 9.630000000000000000e+02
4.001837078142987139e+02 9.640000000000000000e+02
3.593021013019545649e+02 9.650000000000000000e+02
3.811600713611015294e+02 9.660000000000000000e+02
3.691449579772152561e+02 9.670000000000000000e+02
3.837108286196781251e+02 9.680000000000000000e+02
3.693223524240037250e+02 9.690000000000000000e+02
4.068574689003509093e+02 9.700000000000000000e+02
3.619309326377064622e+02 9.710000000000000000e+02
3.653080891521565832e+02 9.720000000000000000e+02
4.219028324152375262e+02 9.730000000000000000e+02
3.763322999690565780e+02 9.740000000000000000e+02
3.709204766523412218e+02 9.750000000000000000e+02
3.451043320504684857e+02 9.760000000000000000e+02
3.549957746227411235e+02 9.770000000000000000e+02
3.947885509991392610e+02 9.780000000000000000e+02
3.733764856013297617e+02 9.790000000000000000e+02
3.508347189204625920e+02 9.800000000000000000e+02
3.806730880952841858e+02 9.810000000000000000e+02
3.899807687566144523e+02 9.820000000000000000e+02
3.655147055865194829e+02 9.830000000000000000e+02
3.782248008790539302e+02 9.840000000000000000e+02
3.806862224982669431e+02 9.850000000000000000e+02
3.926295964391884468e+02 9.860000000000000000e+02
3.693616114324822206e+02 9.870000000000000000e+02
3.712209584600524863e+02 9.880000000000000000e+02
3.648561360317241338e+02 9.890000000000000000e+02
3.558159636666123333e+02 9.900000000000000000e+02
3.545010578263483580e+02 9.910000000000000000e+02
3.717243602455992004e+02 9.920000000000000000e+02
3.923404134167165012e+02 9.930000000000000000e+02
4.068685291344121424e+02 9.940000000000000000e+02
3.844190421922410223e+02 9.950000000000000000e+02
4.052394353959150521e+02 9.960000000000000000e+02
3.967429898561535992e+02 9.970000000000000000e+02
4.046961823392950919e+02 9.980000000000000000e+02
3.964492401304358395e+02 9.990000000000000000e+02
4.233520993215930730e+02 1.000000000000000000e+03
4.173020488806639037e+02 1.001000000000000000e+03
4.267786311426569341e+02 1.002000000000000000e+03
4.109026648733249658e+02 1.003000000000000000e+03
4.112140561799900524e+02 1.004000000000000000e+03
3.909731448578021968e+02 1.005000000000000000e+03
3.788746494554630431e+02 1.006000000000000000e+03
3.580642400463916601e+02 1.007000000000000000e+03
3.717848840391443446e+02 1.008000000000000000e+03
3.706939438404679663e+02 1.009000000000000000e+03
3.768408151992031776e+02 1.010000000000000000e+03
3.820248683004812165e+02 1.011000000000000000e+03
3.695321366268433394e+02 1.012000000000000000e+03
3.862382684302527878e+02 1.013000000000000000e+03
3.814721483935622928e+02 1.014000000000000000e+03
3.771180186625932151e+02 1.015000000000000000e+03
3.750293321861637992e+02 1.016000000000000000e+03
4.049950616982878842e+02 1.017000000000000000e+03
3.995672659265270568e+02 1.018000000000000000e+03
3.687682198888618927e+02 1.019000000000000000e+03
3.494924891896820327e+02 1.020000000000000000e+03
3.641551866992971895e+02 1.021000000000000000e+03
3.782181909956209438e+02 1.022000000000000000e+03
3.446607027208062846e+02 1.023000000000000000e+03
3.580000000000000000e+02 1.024000000000000000e+03
3.773261188945180606e+02 1.025000000000000000e+03
3.778147694307357369e+02 1.026000000000000000e+03
3.903267861676930579e+02 1.027000000000000000e+03
3.509358915813542126e+02 1.028000000000000000e+03
3.693061060962842816e+02 1.029000000000000000e+03
3.837173438873984423e+02 1.030000000000000000e+03
3.895137994988110677e+02 1.031000000000000000e+03
3.555263703299658005e+02 1.032000000000000000e+03
3.748999866631099280e+02 1.033000000000000000e+03
3.669645759470524240e+02 1.034000000000000000e+03
3.575402075291672759e+02 1.035000000000000000e+03
3.599069324144784900e+02 1.036000000000000000e+03
3.632684957438506217e+02 1.037000000000000000e+03
3.712505892251216437e+02 1.038000000000000000e+03
3.587715150342903030e+02 1.039000000000000000e+03
3.523634487287238244e+02 1.040000000000000000e+03
3.418245163823098096e+02 1.041000000000000000e+03
3.549605611895495940e+02 1.042000000000000000e+03
3.823597782194146930e+02 1.043000000000000000e+03
3.539223078586598490e+02 1.044000000000000000e+03
3.893905494487507326e+02 1.045000000000000000e+03
3.587506097555793758e+02 1.046000000000000000e+03
3.651835155096680978e+02 1.047000000000000000e+03
3.048475028600365704e+02 1.048000000000000000e+03
3.960555516591075502e+02 1.049000000000000000e+03
3.545038786811788896e+02 1.050000000000000000e+03
3.867143648741277389e+02 1.051000000000000000e+03
3.839440063342570397e+02 1.052000000000000000e+03
3.784058667621314953e+02 1.053000000000000000e+03
3.669945503682582171e+02 1.054000000000000000e+03
3.453968731763505957e+02 1.055000000000000000e+03
3.907531189894714316e+02 1.056000000000000000e+03
3.949810122018525362e+02 1.057000000000000000e+03
3.857823220418478627e+02 1.058000000000000000e+03
3.822276808395749867e+02 1.059000000000000000e+03
3.677839039436065605e+02 1.060000000000000000e+03
3.645654948016885442e+02 1.061000000000000000e+03
3.511296057013706218e+02 1.062000000000000000e+03
3.692790272950794019e+02 1.063000000000000000e+03
3.547788043274287588e+02 1.064000000000000000e+03
3.736549210167049182e+02 1.065000000000000000e+03
4.018457415476739811e+02 1.066000000000000000e+03
4.064172732549639022e+02 1.067000000000000000e+03
4.014673087562672436e+02 1.068000000000000000e+03
3.840351546408219292e+02 1.069000000000000000e+03
3.629476546280469051e+02 1.070000000000000000e+03
3.729530801588854274e+02 1.071000000000000000e+03
3.695876080173684386e+02 1.072000000000000000e+03
3.666715151194594569e+02 1.073000000000000000e+03
3.771021081882200292e+02 1.074000000000000000e+03
3.891156640383422314e+02 1.075000000000000000e+03
4.023257386745223130e+02 1.076000000000000000e+03
4.038205046799877209e+02 1.077000000000000000e+03
3.731956591387418598e+02 1.078000000000000000e+03
3.864815648902286398e+02 1.079000000000000000e+03
3.937600792360749438e+02 1.080000000000000000e+03
3.802525476574746222e+02 1.081000000000000000e+03
3.991177771034510329e+02 1.082000000000000000e+03
3.984131021941923905e+02 1.083000000000000000e+03
4.004072926408808826e+02 1.084000000000000000e+03
4.155478311819230157e+02 1.085000000000000000e+03
4.155021058911735281e+02 1.086000000000000000e+03
4.175799324680245945e+02 1.087000000000000000e+03
4.224062026059750110e+02 1.088000000000000000e+03
4.302104136350025669e+02 1.089000000000000000e+03
4.283643309147016112e+02 1.090000000000000000e+03
3.919515276153417176e+02 1.091000000000000000e+03
4.152553431323912605e+02 1.092000000000000000e+03
4.157667615382451345e+02 1.093000000000000000e+03
4.303812263563548868e+02 1.094000000000000000e+03
3.575346137089386502e+02 1.095000000000000000e+03
4.321377095325053688e+02 1.096000000000000000e+03
3.665283072287869004e+02 1.097000000000000000e+03
4.080036764540241165e+02 1.098000000000000000e+03
4.213585171798476949e+02 1.099000000000000000e+03
4.007006363858185978e+02 1.100000000000000000e+03
4.157980278933511045e+02 1.101000000000000000e+03
4.117754242302471539e+02 1.102000000000000000e+03
3.740467885171586317e+02 1.103000000000000000e+03
3.892428547834886103e+02 1.104000000000000000e+03
3.938197557258904453e+02 1.105000000000000000e+03
4.003760732111747984e+02 1.106000000000000000e+03
4.166737332734090273e+02 1.107000000000000000e+03
4.278247304679803165e+02 1.108000000000000000e+03
4.515949512561007282e+02 1.109000000000000000e+03
4.454121686707717345e+02 1.110000000000000000e+03
4.315935588027235781e+02 1.111000000000000000e+03
4.272095504550430860e+02 1.112000000000000000e+03
4.250329398999564319e+02 1.113000000000000000e+03
4.242581761144975303e+02 1.114000000000000000e+03
4.436473825010128280e+02 1.115000000000000000e+03
4.191228936720111733e+02 1.116000000000000000e+03
4.489131319086132521e+02 1.117000000000000000e+03
4.342476252093959488e+02 1.118000000000000000e+03
4.416718238692615728e+02 1.119000000000000000e+03
4.190381844176017125e+02 1.120000000000000000e+03
4.493806849431782098e+02 1.121000000000000000e+03
4.281740300391886080e+02 1.122000000000000000e+03
4.314081594035977218e+02 1.123000000000000000e+03
4.595443395364586650e+02 1.124000000000000000e+03
4.616199735713349810e+02 1.125000000000000000e+03
4.446200625252981240e+02 1.126000000000000000e+03
4.331547067734575762e+02 1.127000000000000000e+03
4.280420540087153540e+02 1.128000000000000000e+03
4.148361122178251321e+02 1.129000000000000000e+03
4.078394291875173963e+02 1.130000000000000000e+03
4.130738432774459739e+02 1.131000000000000000e+03
4.296638220748868093e+02 1.132000000000000000e+03
3.932988685465545586e+02 1.133000000000000000e+03
4.228841448907726317e+02 1.134000000000000000e+03
4.240530627173915263e+02 1.135000000000000000e+03
4.279532684768279864e+02 1.136000000000000000e+03
4.406540593254531473e+02 1.137000000000000000e+03
4.345066167505392514e+02 1.138000000000000000e+03
4.329872977351645318e+02 1.139000000000000000e+03
4.235882434629176601e+02 1.140000000000000000e+03
4.153781409751841807e+02 1.141000000000000000e+03
4.240424507051151295e+02 1.142000000000000000e+03
4.344905062253949950e+02 1.143000000000000000e+03
4.259530490558789211e+02 1.144000000000000000e+03
4.084629726180820057e+02 1.145000000000000000e+03
4.323401438682279263e+02 1.146000000000000000e+03
4.402749141161689863e+02 1.147000000000000000e+03
4.329699758643779433e+02 1.148000000000000000e+03
4.326257042756474789e+02 1.149000000000000000e+03
4.225860859043988853e+02 1.150000000000000000e+03
4.220770071918156532e+02 1.151000000000000000e+03
4.558892409346814247e+02 1.152000000000000000e+03
4.485822109714115982e+02 1.153000000000000000e+03
4.364401448079678971e+02 1.154000000000000000e+03
4.223564845009485680e+02 1.155000000000000000e+03
4.178827586775984742e+02 1.156000000000000000e+03
4.130738432774459739e+02 1.157000000000000000e+03
4.344536799245692009e+02 1.158000000000000000e+03
4.394564824871741280e+02 1.159000000000000000e+03
4.685776349763185067e+02 1.160000000000000000e+03
4.803321767277307686e+02 1.161000000000000000e+03
4.542455283214134170e+02 1.162000000000000000e+03
4.343788668892629516e+02 1.163000000000000000e+03
4.540781870999750822e+02 1.164000000000000000e+03
4.593245040273815221e+02 1.165000000000000000e+03
4.202951343996263631e+02 1.166000000000000000e+03
4.236932852901966839e+02 1.167000000000000000e+03
4.323147001895725339e+02 1.168000000000000000e+03
4.414283633841396295e+02 1.169000000000000000e+03
4.475108937221528436e+02 1.170000000000000000e+03
4.608437913219619304e+02 1.171000000000000000e+03
4.473868572052603554e+02 1.172000000000000000e+03
4.178624175491258370e+02 1.173000000000000000e+03
4.332516589697032146e+02 1.174000000000000000e+03
4.109099658075963362e+02 1.175000000000000000e+03
4.024723592993685202e+02 1.176000000000000000e+03
4.078933684187572339e+02 1.177000000000000000e+03
4.023468652792016087e+02 1.178000000000000000e+03
4.083087067403779997e+02 1.179000000000000000e+03
4.205710403724916659e+02 1.180000000000000000e+03
4.268196340376107969e+02 1.181000000000000000e+03
4.085914830243038978e+02 1.182000000000000000e+03
4.413603969546882695e+02 1.183000000000000000e+03
4.265301865050116135e+02 1.184000000000000000e+03
4.301546233623439548e+02 1.185000000000000000e+03
4.399534066239287426e+02 1.186000000000000000e+03
4.197618372363071444e+02 1.187000000000000000e+03
3.950012658207566005e+02 1.188000000000000000e+03
4.262593107487506927e+02 1.189000000000000000e+03
3.915839628994016834e+02 1.190000000000000000e+03
3.974166579296846749e+02 1.191000000000000000e+03
3.898974224074839867e+02 1.192000000000000000e+03
3.936673722827433153e+02 1.193000000000000000e+03
4.206471205178991681e+02 1.194000000000000000e+03
4.232387033341823326e+02 1.195000000000000000e+03
4.050555517456833741e+02 1.196000000000000000e+03
4.063003814913296310e+02 1.197000000000000000e+03
4.372630787066294147e+02 1.198000000000000000e+03
4.366611958944829439e+02 1.199000000000000000e+03
4.505152605628359765e+02 1.200000000000000000e+03
4.454043107110662163e+02 1.201000000000000000e+03
4.372676525882059764e+02 1.202000000000000000e+03
4.243277035499803560e+02 1.203000000000000000e+03
4.363484845854285936e+02 1.204000000000000000e+03
4.459103048820468871e+02 1.205000000000000000e+03
4.457454430501786078e+02 1.206000000000000000e+03
4.402998977969447765e+02 1.207000000000000000e+03
4.233367453930735564e+02 1.208000000000000000e+03
4.456983284689320044e+02 1.209000000000000000e+03
4.230082741507546302e+02 1.210000000000000000e+03
4.295043655191411176e+02 1.211000000000000000e+03
4.200380935105767435e+02 1.212000000000000000e+03
4.191336302421937603e+02 1.213000000000000000e+03
4.005096752888748597e+02 1.214000000000000000e+03
3.963117459778349598e+02 1.215000000000000000e+03
4.168656858029933687e+02 1.216000000000000000e+03
4.309222667720943036e+02 1.217000000000000000e+03
4.360011467874826394e+02 1.218000000000000000e+03
4.310197211265396504e+02 1.219000000000000000e+03
4.209976246963871063e+02 1.220000000000000000e+03
4.259647872770705703e+02 1.221000000000000000e+03
4.048555297880961348e+02 1.222000000000000000e+03
4.350471238842982871e+02 1.223000000000000000e+03
4.546119224129521399e+02 1.224000000000000000e+03
4.159663447924603474e+02 1.225000000000000000e+03
4.391298213512719144e+02 1.226000000000000000e+03
4.313791835496933231e+02 1.227000000000000000e+03
3.972090129893832113e+02 1.228000000000000000e+03
4.017885015776334967e+02 1.229000000000000000e+03
4.338790153948448278e+02 1.230000000000000000e+03
4.072787743057572811e+02 1.231000000000000000e+03
3.941865040815071097e+02 1.232000000000000000e+03
4.047258331265746847e+02 1.233000000000000000e+03
4.098267926819817148e+02 1.234000000000000000e+03
3.860932529843017278e+02 1.235000000000000000e+03
3.898897280001103240e+02 1.236000000000000000e+03
3.851869675884686330e+02 1.237000000000000000e+03
3.569747890257797849e+02 1.238000000000000000e+03
3.719206904704280987e+02 1.239000000000000000e+03
3.878130993146054379e+02 1.240000000000000000e+03
3.908657058376956002e+02 1.241000000000000000e+03
4.092468692610854646e+02 1.242000000000000000e+03
3.828054336082495865e+02 1.243000000000000000e+03
3.742004810258800376e+02 1.244000000000000000e+03
3.913374502906666521e+02 1.245000000000000000e+03
3.880219065980682558e+02 1.246000000000000000e+03
3.819136027951871597e+02 1.247000000000000000e+03
4.008016966031955235e+02 1.248000000000000000e+03
4.026040238248991727e+02 1.249000000000000000e+03
4.022611092313051131e+02 1.250000000000000000e+03
3.961476997282705383e+02 1.251000000000000000e+03
3.804812741778496274e+02 1.252000000000000000e+03
3.821125488648599458e+02 1.253000000000000000e+03
3.967366884975474477e+02 1.254000000000000000e+03
3.878272811445837647e+02 1.255000000000000000e+03
3.733617548705277045e+02 1.256000000000000000e+03
3.862201444772139212e+02 1.257000000000000000e+03
3.752265982043384156e+02 1.258000000000000000e+03
4.085767981665135835e+02 1.259000000000000000e+03
3.827309760131782355e+02 1.260000000000000000e+03
3.807912814127970478e+02 1.261000000000000000e+03
4.193256491081841659e+02 1.262000000000000000e+03
4.051197353869594053e+02 1.263000000000000000e+03
4.169064643298302144e+02 1.264000000000000000e+03
4.070135132891781495e+02 1.265000000000000000e+03
3.945554460402238419e+02 1.266000000000000000e+03
3.835179265692804620e+02 1.267000000000000000e+03
3.935593983123767430e+02 1.268000000000000000e+03
3.933713258487456415e+02 1.269000000000000000e+03
4.043377301217386730e+02 1.270000000000000000e+03
4.246822341468972013e+02 1.271000000000000000e+03
4.265290142534268512e+02 1.272000000000000000e+03
4.101926376716188543e+02 1.273000000000000000e+03
4.158737789281743176e+02 1.274000000000000000e+03
4.151794792616802852e+02 1.275000000000000000e+03
4.007455551843339094e+02 1.276000000000000000e+03
3.976883201704571320e+02 1.277000000000000000e+03
4.202261296016705501e+02 1.278000000000000000e+03
4.149843370538218323e+02 1.279000000000000000e+03
4.260035211122086594e+02 1.280000000000000000e+03
4.338847773314938649e+02 1.281000000000000000e+03
4.336208020840328459e+02 1.282000000000000000e+03
4.441002139157332067e+02 1.283000000000000000e+03
4.433926025544404865e+02 1.284000000000000000e+03
4.497199128346442194e+02 1.285000000000000000e+03
4.374128484624108637e+02 1.286000000000000000e+03
4.490178170184341297e+02 1.287000000000000000e+03
4.521327238765183552e+02 1.288000000000000000e+03
4.185056749913912313e+02 1.289000000000000000e+03
4.530441479591144684e+02 1.290000000000000000e+03
4.687547333094354940e+02 1.291000000000000000e+03
4.748062762853920162e+02 1.292000000000000000e+03
4.288880972934548481e+02 1.293000000000000000e+03
4.231831754689687841e+02 1.294000000000000000e+03
4.414170363726348114e+02 1.295000000000000000e+03
4.389453268916300885e+02 1.296000000000000000e+03
4.430812566561578478e+02 1.297000000000000000e+03
4.653955307047973520e+02 1.298000000000000000e+03
4.405871082998230577e+02 1.299000000000000000e+03
4.398442906302183815e+02 1.300000000000000000e+03
4.599184710359000405e+02 1.301000000000000000e+03
4.870544117447248595e+02 1.302000000000000000e+03
4.970100602603532707e+02 1.303000000000000000e+03
4.662778141837760586e+02 1.304000000000000000e+03
4.713501882889196395e+02 1.305000000000000000e+03
4.590958505584645195e+02 1.306000000000000000e+03
4.291608090215135007e+02 1.307000000000000000e+03
4.346009664048160062e+02 1.308000000000000000e+03
4.368203291972570241e+02 1.309000000000000000e+03
4.146613075752305804e+02 1.310000000000000000e+03
4.026437631455378892e+02 1.311000000000000000e+03
3.964744632381762699e+02 1.312000000000000000e+03
4.157992303985181479e+02 1.313000000000000000e+03
4.095387649539418362e+02 1.314000000000000000e+03
4.476963256494294683e+02 1.315000000000000000e+03
4.484685050257152739e+02 1.316000000000000000e+03
4.498833182059543674e+02 1.317000000000000000e+03
4.562576026763828168e+02 1.318000000000000000e+03
4.548098503770559091e+02 1.319000000000000000e+03
4.607244295671762870e+02 1.320000000000000000e+03
4.632310438647219826e+02 1.321000000000000000e+03
4.460997646267031769e+02 1.322000000000000000e+03
4.689882727744906106e+02 1.323000000000000000e+03
4.772085497976749480e+02 1.324000000000000000e+03
4.781119115855617565e+02 1.325000000000000000e+03
4.862519922838363300e+02 1.326000000000000000e+03
5.005007492501884485e+02 1.327000000000000000e+03
4.907168226176885355e+02 1.328000000000000000e+03
4.746746254014427677e+02 1.329000000000000000e+03
5.086275651200984385e+02 1.330000000000000000e+03
5.251799691534322392e+02 1.331000000000000000e+03
5.163361308295208119e+02 1.332000000000000000e+03
4.652354242746353634e+02 1.333000000000000000e+03
4.547416849157332308e+02 1.334000000000000000e+03
4.760619707559090443e+02 1.335000000000000000e+03
4.823349458623125656e+02 1.336000000000000000e+03
4.838512168011981203e+02 1.337000000000000000e+03
4.598641103630505995e+02 1.338000000000000000e+03
4.807764553303333059e+02 1.339000000000000000e+03
4.692430074066101611e+02 1.340000000000000000e+03
5.003938448862056134e+02 1.341000000000000000e+03
5.034312266834468232e+02 1.342000000000000000e+03
5.041755646597720784e+02 1.343000000000000000e+03
5.065994472953952936e+02 1.344000000000000000e+03
5.130107211355333448e+02 1.345000000000000000e+03
5.033607056574837770e+02 1.346000000000000000e+03
4.970402398196749800e+02 1.347000000000000000e+03
5.177306249392631798e+02 1.348000000000000000e+03
4.941052519453724585e+02 1.349000000000000000e+03
4.983101443880106558e+02 1.350000000000000000e+03
5.101156731565890823e+02 1.351000000000000000e+03
5.346475474553305958e+02 1.352000000000000000e+03
5.210815675112678491e+02 1.353000000000000000e+03
4.689701483037060257e+02 1.354000000000000000e+03
4.937843658926434500e+02 1.355000000000000000e+03
4.829834365689986839e+02 1.356000000000000000e+03
4.870420926367658581e+02 1.357000000000000000e+03
4.892340952959023070e+02 1.358000000000000000e+03
4.971669739634763800e+02 1.359000000000000000e+03
4.893587640984883933e+02 1.360000000000000000e+03
4.825391175853000050e+02 1.361000000000000000e+03
4.737552110531344738e+02 1.362000000000000000e+03
4.909490808627713250e+02 1.363000000000000000e+03
4.921605429125743854e+02 1.364000000000000000e+03
5.118534946642447494e+02 1.365000000000000000e+03
4.823453119913160094e+02 1.366000000000000000e+03
4.851865620562878121e+02 1.367000000000000000e+03
4.683406879612319358e+02 1.368000000000000000e+03
4.191562954316682976e+02 1.369000000000000000e+03
4.565446308960384840e+02 1.370000000000000000e+03
4.588322133416527890e+02 1.371000000000000000e+03
4.715569954947121687e+02 1.372000000000000000e+03
4.836806797878120960e+02 1.373000000000000000e+03
4.602064753999013647e+02 1.374000000000000000e+03
4.738385801093025975e+02 1.375000000000000000e+03
5.135679117701961331e+02 1.376000000000000000e+03
5.021185119072986254e+02 1.377000000000000000e+03
4.793464300482480667e+02 1.378000000000000000e+03
4.997569409222847412e+02 1.379000000000000000e+03
4.967222563968721829e+02 1.380000000000000000e+03
4.974635665051260958e+02 1.381000000000000000e+03
5.029125172433074340e+02 1.382000000000000000e+03
5.025723828464910525e+02 1.383000000000000000e+03
4.626532178640931079e+02 1.384000000000000000e+03
5.107964369492019046e+02 1.385000000000000000e+03
5.012274932602959439e+02 1.386000000000000000e+03
4.937084159703984483e+02 1.387000000000000000e+03
4.721885216732825370e+02 1.388000000000000000e+03
4.499477747472477631e+02 1.389000000000000000e+03
4.660869017683290281e+02 1.390000000000000000e+03
4.983994382019305363e+02 1.391000000000000000e+03
5.172156223471986323e+02 1.392000000000000000e+03
4.859958847562394908e+02 1.393000000000000000e+03
5.243510274615661046e+02 1.394000000000000000e+03
5.250028571350826496e+02 1.395000000000000000e+03
5.123807178261101853e+02 1.396000000000000000e+03
4.838119469380639543e+02 1.397000000000000000e+03
4.766990664979322219e+02 1.398000000000000000e+03
4.813636878702006925e+02 1.399000000000000000e+03
5.158536614195928678e+02 1.400000000000000000e+03
5.148650308576025054e+02 1.401000000000000000e+03
5.080177162265111406e+02 1.402000000000000000e+03
4.848061468257183719e+02 1.403000000000000000e+03
5.041160580659973220e+02 1.404000000000000000e+03
5.124490218548572784e+02 1.405000000000000000e+03
5.177151726577076261e+02 1.406000000000000000e+03
5.270246673543848601e+02 1.407000000000000000e+03
5.259058851163390500e+02 1.408000000000000000e+03
5.179575272162767305e+02 1.409000000000000000e+03
4.977228144258609177e+02 1.410000000000000000e+03
4.963728437374469991e+02 1.411000000000000000e+03
5.285867951434277074e+02 1.412000000000000000e+03
5.111868542910703468e+02 1.413000000000000000e+03
5.038858997828774591e+02 1.414000000000000000e+03
4.881710765704989967e+02 1.415000000000000000e+03
5.039702372164451276e+02 1.416000000000000000e+03
4.890194270169642436e+02 1.417000000000000000e+03
5.211209072758451839e+02 1.418000000000000000e+03
4.849670091872229705e+02 1.419000000000000000e+03
4.846018984692486811e+02 1.420000000000000000e+03
5.182219601676486036e+02 1.421000000000000000e+03
5.023056838221124281e+02 1.422000000000000000e+03
4.650688121127882937e+02 1.423000000000000000e+03
4.720656733972509187e+02 1.424000000000000000e+03
4.845812625349849441e+02 1.425000000000000000e+03
4.758045817349807862e+02 1.426000000000000000e+03
4.724425891047503683e+02 1.427000000000000000e+03
4.809625765067382304e+02 1.428000000000000000e+03
4.832007864232011229e+02 1.429000000000000000e+03
4.581528129347237837e+02 1.430000000000000000e+03
4.687312662923180824e+02 1.431000000000000000e+03
4.728593871332153071e+02 1.432000000000000000e+03
4.542983601115020633e+02 1.433000000000000000e+03
4.491759120879034981e+02 1.434000000000000000e+03
4.484763092962659243e+02 1.435000000000000000e+03
4.572482914128821676e+02 1.436000000000000000e+03
4.626705091098847902e+02 1.437000000000000000e+03
5.011616505679579632e+02 1.438000000000000000e+03
4.921351440407401014e+02 1.439000000000000000e+03
4.969476833631483714e+02 1.440000000000000000e+03
4.767001153765331196e+02 1.441000000000000000e+03
4.603346608718487687e+02 1.442000000000000000e+03
4.628844348214789761e+02 1.443000000000000000e+03
4.422250558256508270e+02 1.444000000000000000e+03
4.466967651550658047e+02 1.445000000000000000e+03
4.667493974286416005e+02 1.446000000000000000e+03
4.626024210918053541e+02 1.447000000000000000e+03
4.843500800041226171e+02 1.448000000000000000e+03
4.765511515042220481e+02 1.449000000000000000e+03
4.795435329560810374e+02 1.450000000000000000e+03
4.942995043493367575e+02 1.451000000000000000e+03
4.710732427128503446e+02 1.452000000000000000e+03
4.681645010036536405e+02 1.453000000000000000e+03
4.739873416031276179e+02 1.454000000000000000e+03
5.160649183969009073e+02 1.455000000000000000e+03
5.202211068382366648e+02 1.456000000000000000e+03
5.105996474734388357e+02 1.457000000000000000e+03
4.861686950020537665e+02 1.458000000000000000e+03
4.746388100440165090e+02 1.459000000000000000e+03
4.600728203230440840e+02 1.460000000000000000e+03
4.469597297296480178e+02 1.461000000000000000e+03
4.805226321412967536e+02 1.462000000000000000e+03
4.858868180965604324e+02 1.463000000000000000e+03
4.902458566882539230e+02 1.464000000000000000e+03
4.934997467071285087e+02 1.465000000000000000e+03
4.915994304309149356e+02 1.466000000000000000e+03
4.738311935700307913e+02 1.467000000000000000e+03
4.654342058766201262e+02 1.468000000000000000e+03
4.899285662216482820e+02 1.469000000000000000e+03
5.188699258966547632e+02 1.470000000000000000e+03
5.043203347080107619e+02 1.471000000000000000e+03
5.153270806002727795e+02 1.472000000000000000e+03
4.863465842380308004e+02 1.473000000000000000e+03
5.108414626868104733e+02 1.474000000000000000e+03
5.207024102114373818e+02 1.475000000000000000e+03
5.144754610280260749e+02 1.476000000000000000e+03
5.119453095790603925e+02 1.477000000000000000e+03
5.049623748359871342e+02 1.478000000000000000e+03
5.111535972679836277e+02 1.479000000000000000e+03
5.071538228190732980e+02 1.480000000000000000e+03
5.393718568853959141e+02 1.481000000000000000e+03
5.408419362438530698e+02 1.482000000000000000e+03
5.570870668037447331e+02 1.483000000000000000e+03
5.320206762899351816e+02 1.484000000000000000e+03
5.539097399396403034e+02 1.485000000000000000e+03
5.614436748241091664e+02 1.486000000000000000e+03
5.597249324444999274e+02 1.487000000000000000e+03
5.344483136843075499e+02 1.488000000000000000e+03
5.227159840678300498e+02 1.489000000000000000e+03
5.322161215145591768e+02 1.490000000000000000e+03
5.320319539275812986e+02 1.491000000000000000e+03
5.234118837015453209e+02 1.492000000000000000e+03
5.092504295530834497e+02 1.493000000000000000e+03
5.273793700932943693e+02 1.494000000000000000e+03
5.164639387217658850e+02 1.495000000000000000e+03
5.323842597222424047e+02 1.496000000000000000e+03
5.292456896376199893e+02 1.497000000000000000e+03
5.139688706526884516e+02 1.498000000000000000e+03
5.522336462042130734e+02 1.499000000000000000e+03
5.419916973533819373e+02 1.500000000000000000e+03
5.220593835953914095e+02 1.501000000000000000e+03
5.299481106674501234e+02 1.502000000000000000e+03
5.130321627344625313e+02 1.503000000000000000e+03
5.185402588034992277e+02 1.504000000000000000e+03
5.092749748416861166e+02 1.505000000000000000e+03
4.994907406549194206e+02 1.506000000000000000e+03
5.077775103330197908e+02 1.507000000000000000e+03
5.145901281602669997e+02 1.508000000000000000e+03
5.268291943315214212e+02 1.509000000000000000e+03
5.070315572032967566e+02 1.510000000000000000e+03
4.942873658106183257e+02 1.511000000000000000e+03
4.492382441422368515e+02 1.512000000000000000e+03
4.764178837953083985e+02 1.513000000000000000e+03
4.928610351813176180e+02 1.514000000000000000e+03
5.081003837825750225e+02 1.515000000000000000e+03
5.226939831297084993e+02 1.516000000000000000e+03
5.179198779734177833e+02 1.517000000000000000e+03
5.163961657487398043e+02 1.518000000000000000e+03
4.745471525570457061e+02 1.519000000000000000e+03
5.128508555125944213e+02 1.520000000000000000e+03
5.201019130901173639e+02 1.521000000000000000e+03
5.455758425736975141e+02 1.522000000000000000e+03
5.412984389410337371e+02 1.523000000000000000e+03
5.549972972907165740e+02 1.524000000000000000e+03
5.297102981819401748e+02 1.525000000000000000e+03
5.528752119601673485e+02 1.526000000000000000e+03
5.355016339844352160e+02 1.527000000000000000e+03
5.117020617507808993e+02 1.528000000000000000e+03
5.025455203262685586e+02 1.529000000000000000e+03
4.974796478249135134e+02 1.530000000000000000e+03
5.486884361821379343e+02 1.531000000000000000e+03
5.331810199172509783e+02 1.532000000000000000e+03
5.403924499842684099e+02 1.533000000000000000e+03
5.559820140975784852e+02 1.534000000000000000e+03
5.421300581963704417e+02 1.535000000000000000e+03
5.347008509437777093e+02 1.536000000000000000e+03
5.084545210734191301e+02 1.537000000000000000e+03
5.245722066598649462e+02 1.538000000000000000e+03
5.159011533229985389e+02 1.539000000000000000e+03
4.715612367444974780e+02 1.540000000000000000e+03
4.787295687546362615e+02 1.541000000000000000e+03
4.635018878062957697e+02 1.542000000000000000e+03
5.240830086923253930e+02 1.543000000000000000e+03
5.116317034742862688e+02 1.544000000000000000e+03
4.820446037453380654e+02 1.545000000000000000e+03
4.586839870760696272e+02 1.546000000000000000e+03
5.000279992160438951e+02 1.547000000000000000e+03
5.301009337852556200e+02 1.548000000000000000e+03
5.069921103922624184e+02 1.549000000000000000e+03
5.268130598229319048e+02 1.550000000000000000e+03
5.655492905132142596e+02 1.551000000000000000e+03
5.559217570845738692e+02 1.552000000000000000e+03
5.270104363293007737e+02 1.553000000000000000e+03
5.461675567076462130e+02 1.554000000000000000e+03
5.236114971999755880e+02 1.555000000000000000e+03
5.463359772154859684e+02 1.556000000000000000e+03
5.294223266920275819e+02 1.557000000000000000e+03
5.434142066600761609e+02 1.558000000000000000e+03
5.429557993059839873e+02 1.559000000000000000e+03
5.369711351646380990e+02 1.560000000000000000e+03
5.239770987361947618e+02 1.561000000000000000e+03
4.885150970031530164e+02 1.562000000000000000e+03
5.213434568497048076e+02 1.563000000000000000e+03
5.027375060605683643e+02 1.564000000000000000e+03
5.090717041832122618e+02 1.565000000000000000e+03
5.310131825105662529e+02 1.566000000000000000e+03
5.080334634647603593e+02 1.567000000000000000e+03
4.657971661571160666e+02 1.568000000000000000e+03
4.743616763609809368e+02 1.569000000000000000e+03
4.842850400332432059e+02 1.570000000000000000e+03
5.084387868760604192e+02 1.571000000000000000e+03
4.999979999959999759e+02 1.572000000000000000e+03
5.100637215093815939e+02 1.573000000000000000e+03
5.339681638449992533e+02 1.574000000000000000e+03
5.097146260408857188e+02 1.575000000000000000e+03
5.118593556827891007e+02 1.576000000000000000e+03
4.951605800142010594e+02 1.577000000000000000e+03
5.001689714486495291e+02 1.578000000000000000e+03
5.193226357477593638e+02 1.579000000000000000e+03
5.080108266562829726e+02 1.580000000000000000e+03
5.332391583520475251e+02 1.581000000000000000e+03
5.424758059121162432e+02 1.582000000000000000e+03
5.137518856413083768e+02 1.583000000000000000e+03
5.091728586639315495e+02 1.584000000000000000e+03
4.703286085281226292e+02 1.585000000000000000e+03
5.191396729204964231e+02 1.586000000000000000e+03
5.230573582313893439e+02 1.587000000000000000e+03
5.093927757634573936e+02 1.588000000000000000e+03
4.843500800041226171e+02 1.589000000000000000e+03
4.939949392453327732e+02 1.590000000000000000e+03
5.001079883385187372e+02 1.591000000000000000e+03
5.078730156249690140e+02 1.592000000000000000e+03
5.233173033638387324e+02 1.593000000000000000e+03
5.375890623887357833e+02 1.594000000000000000e+03
5.088968461289576339e+02 1.595000000000000000e+03
