"x","value"
1,-26.0890806091351
2,-26.0235224006562
3,-25.9579641921774
4,-25.8924059836986
5,-25.8268477752198
6,-25.761289566741
7,-25.6957313582622
8,-25.6301731497834
9,-25.5646149413045
10,-25.4990567328257
11,-25.4334985243469
12,-25.3679403158681
13,-25.3023821073893
14,-25.2368238989105
15,-25.1712656904317
16,-25.1057074819528
17,-25.040149273474
18,-24.9745910649952
19,-24.9090328565164
20,-24.8434746480376
21,-24.7779164395588
22,-24.71235823108
23,-24.6468000226011
24,-24.5812418141223
25,-24.5225169080485
26,-24.4659833420085
27,-24.4117250549413
28,-24.3598224468512
29,-24.310351708188
30,-24.2633859401116
31,-24.2189943428941
32,-24.1772411775065
33,-24.1381868088661
34,-24.1018869115176
35,-24.0683930948385
36,-24.0377532335657
37,-24.010011858654
38,-23.9852107150487
39,-23.9633875636301
40,-23.944577036901
41,-23.9288104088578
42,-23.9161152650327
43,-23.9065151418923
44,-23.9000293995769
45,-23.8966735706641
46,-23.8964584185906
47,-23.8993903335111
48,-23.9054714443596
49,-23.9144805714837
50,-23.9263475827525
51,-23.9409996619878
52,-23.9583612682101
53,-23.9783549757714
54,-24.0009000268243
55,-24.0259127685334
56,-24.0533053146199
57,-24.0829847714451
58,-24.1148527407423
59,-24.1488049857529
60,-24.1847306300449
61,-24.2225141678662
62,-24.262035543365
63,-24.3031717632179
64,-24.3457956657703
65,-24.3897747926862
66,-24.4349732971974
67,-24.4812523781343
68,-24.5284703114079
69,-24.5764842102972
70,-24.6251519599519
71,-24.6743320976895
72,-24.7238832688119
73,-24.7736684896099
74,-24.8235540855345
75,-24.8734105724042
76,-24.9231136146421
77,-24.9725428301231
78,-25.0215840785338
79,-25.0701316660246
80,-25.118086759177
81,-25.1653579665472
82,-25.2118599690458
83,-25.2575124967793
84,-25.3022399544052
85,-25.3459703816799
86,-25.3886369951679
87,-25.43017738218
88,-25.4705339411904
89,-25.5096536737356
90,-25.5474878117812
91,-25.5839921182253
92,-25.6191265879243
93,-25.65285753823
94,-25.6851581667286
95,-25.716008715924
96,-25.7453943330835
97,-25.7733032663148
98,-25.7997270388367
99,-25.8246597990309
100,-25.8480980037396
101,-25.8700411123929
102,-25.8904902212163
103,-25.9094490609514
104,-25.9269251962601
105,-25.9429303001699
106,-25.9574799224976
107,-25.970594834382
108,-25.9823001848075
109,-25.99262518879
110,-26.0016015251116
111,-26.0092649318083
112,-26.0156559598195
113,-26.0208187409813
114,-26.0248008159398
115,-26.0276532241582
116,-26.0294289564394
117,-26.0301808680742
118,-26.0299627517691
119,-26.0288297800323
120,-26.0268385205775
121,-26.0240458423197
122,-26.0205082122123
123,-26.0162808429291
124,-26.0114165635877
125,-26.005963281362
126,-25.9999618309256
127,-25.9934465250926
128,-25.9864461510105
129,-25.9789849887038
130,-25.9710841988699
131,-25.9627617320852
132,-25.9540334928404
133,-25.9449149038477
134,-25.9354191724842
135,-25.9255573402036
136,-25.9153404143765
137,-25.9047809231289
138,-25.8938921954357
139,-25.8826884413647
140,-25.8711827278738
141,-25.8593854032456
142,-25.8473028268263
143,-25.8349399880689
144,-25.8222997621047
145,-25.8093821578213
146,-25.7961856505025
147,-25.7827064156883
148,-25.7689393366128
149,-25.7548805903447
150,-25.7405272498895
151,-25.7258754773274
152,-25.710921204314
153,-25.6956601870366
154,-25.6800871190469
155,-25.664194751339
156,-25.647974637492
157,-25.6314182550341
158,-25.6145164606512
159,-25.5972588485241
160,-25.5796345399476
161,-25.5616318771905
162,-25.543238159653
163,-25.5244407527416
164,-25.5052267493976
165,-25.485582029559
166,-25.4654908650408
167,-25.4449354899528
168,-25.4238981871
169,-25.4023615398165
170,-25.3803099598375
171,-25.3577313885053
172,-25.3346180593926
173,-25.310967910263
174,-25.2867841582596
175,-25.2620748612863
176,-25.2368531587268
177,-25.2111362252068
178,-25.1849456044462
179,-25.1583050206474
180,-25.1312366800717
181,-25.1037648950583
182,-25.0759149192727
183,-25.0477096287711
184,-25.019169268042
185,-24.9903130115325
186,-24.9611586783189
187,-24.9317233162883
188,-24.9020234177071
189,-24.8720773029349
190,-24.8419032366193
191,-24.8115222502577
192,-24.7809584306024
193,-24.7502379354956
194,-24.7193895076967
195,-24.6884430224194
196,-24.6574268823693
197,-24.6263681211691
198,-24.5952941138585
199,-24.564231269124
200,-24.5332059523432
201,-24.5022446847771
202,-24.471375204149
203,-24.4406261178048
204,-24.4100264208605
205,-24.3796049632902
206,-24.3493911694864
207,-24.3194133903707
208,-24.2897001316286
209,-24.2602798815006
210,-24.2311792268279
211,-24.202424895334
212,-24.1740443052936
213,-24.1460664845036
214,-24.118521454367
215,-24.0914375305595
216,-24.0648417910077
217,-24.0387585725524
218,-24.013209062163
219,-23.988212132469
220,-23.9637840609162
221,-23.9399396407062
222,-23.9166907307237
223,-23.8940455663577
224,-23.8720089476855
225,-23.8505817651262
226,-23.829763942766
227,-23.8095565719921
228,-23.7899598900314
229,-23.7709748369901
230,-23.7526062374314
231,-23.7348606114518
232,-23.7177439008336
233,-23.7012612447791
234,-23.6854187481801
235,-23.670224007355
236,-23.6556829057123
237,-23.6418007684501
238,-23.6285801106083
239,-23.6160210439047
240,-23.6041210985286
241,-23.5928755466417
242,-23.5822784321779
243,-23.5723239560833
244,-23.5630067478687
245,-23.5543210858302
246,-23.5462613707204
247,-23.5388206120131
248,-23.5319902346385
249,-23.525759044077
250,-23.5201131645409
251,-23.5150375828579
252,-23.5105176481744
253,-23.5065392397145
254,-23.5030899592595
255,-23.5001563170661
256,-23.4977247763821
257,-23.495784162199
258,-23.4943236754112
259,-23.4933316810335
260,-23.4927951044231
261,-23.4927018939565
262,-23.4930425978617
263,-23.4938103488063
264,-23.4950008705678
265,-23.496613449904
266,-23.4986504864365
267,-23.5011165259821
268,-23.5040159566502
269,-23.5073542773229
270,-23.5111383581412
271,-23.5153768133187
272,-23.5200791849208
273,-23.525254091593
274,-23.5309076108247
275,-23.5370409520521
276,-23.5436502983883
277,-23.5507247835533
278,-23.5582498036435
279,-23.5662096239778
280,-23.5745895921779
281,-23.5833718202272
282,-23.5925362143679
283,-23.6020649429201
284,-23.61194186853
285,-23.6221508133977
286,-23.6326739852004
287,-23.6434921974912
288,-23.6545858928002
289,-23.6659347417743
290,-23.6775187964323
291,-23.6893167871466
292,-23.7013070215776
293,-23.7134676937412
294,-23.7257787785811
295,-23.7382236894008
296,-23.7507886973676
297,-23.7634631058927
298,-23.7762338764757
299,-23.7890832733531
300,-23.8019887142428
301,-23.8149253558236
302,-23.8278689843557
303,-23.8407952024667
304,-23.8536757804995
305,-23.8664808208065
306,-23.8791795532385
307,-23.8917406125991
308,-23.9041272766589
309,-23.9162977103537
310,-23.9282036281406
311,-23.9397927306441
312,-23.9510047272218
313,-23.9617711030874
314,-23.9720168112405
315,-23.9816644542952
316,-23.990635485189
317,-23.9988496056938
318,-24.0062249991371
319,-24.0126821832539
320,-24.0181435081666
321,-24.0225372537975
322,-24.0258020859484
323,-24.0278851214374
324,-24.0287426184645
325,-24.0283364877571
326,-24.0266320891315
327,-24.0235939134688
328,-24.0191929674206
329,-24.0134025337571
330,-24.0061924795589
331,-23.9975286827963
332,-23.9873801382011
333,-23.9757208386114
334,-23.9625297836609
335,-23.9477873760616
336,-23.9314758895297
337,-23.9135750441245
338,-23.8940667639937
339,-23.8729311687959
340,-23.8501470733267
341,-23.8256900471255
342,-23.7995276031531
343,-23.7716233381937
344,-23.7419355773074
345,-23.710423845936
346,-23.6770513684612
347,-23.641784208974
348,-23.6045836132185
349,-23.5654058862357
350,-23.5242012208245
351,-23.4809202445792
352,-23.4355122447355
353,-23.3879256825925
354,-23.3381077465969
355,-23.286011357487
356,-23.2315938763225
357,-23.1748172356521
358,-23.115642758841
359,-23.0540370215416
360,-22.9899724112575
361,-22.9234273500507
362,-22.8543825465839
363,-22.7828184626358
364,-22.7087155102126
365,-22.632052910552
366,-22.5528017204831
367,-22.4709274458594
368,-22.3863852807793
369,-22.2991182000436
370,-22.2090605020234
371,-22.1161382449255
372,-22.0202720556017
373,-21.9213772281655
374,-21.8193683518244
375,-21.7141506165801
376,-21.6056280268071
377,-21.4937058730794
378,-21.378294249192
379,-21.2592971824567
380,-21.1366120589684
381,-21.0101333241993
382,-20.8797567221351
383,-20.7453775172659
384,-20.6068952440107
385,-20.4642068655495
386,-20.317214550558
387,-20.1658236178652
388,-20.0099434675862
389,-19.8494923282401
390,-19.6843938624792
391,-19.514579142936
392,-19.3399846739614
393,-19.1605483732352
394,-18.976210731266
395,-18.7869235536473
396,-18.5926470706237
397,-18.3933521797311
398,-18.1890131119568
399,-17.9796085381473
400,-17.7651221306832
401,-17.5455426760728
402,-17.3208584178815
403,-17.0910597120596
404,-16.8561409294207
405,-16.6161070544413
406,-16.3709696893029
407,-16.1207451753326
408,-15.8654501682576
409,-15.605102538008
410,-15.3397235803633
411,-15.0693394113881
412,-14.7939813278687
413,-14.5136931745458
414,-14.2285267749799
415,-13.9385451694545
416,-13.6438220553032
417,-13.3444371531376
418,-13.0404747395386
419,-12.7320240544679
420,-12.4191811342314
421,-12.1020447286367
422,-11.7807239779024
423,-11.4553285966836
424,-11.1259742483667
425,-10.792774270759
426,-10.4558509758793
427,-10.1153349877152
428,-9.77135811490834
429,-9.42405020804662
430,-9.07354208488302
431,-8.71996249647953
432,-8.36344385464609
433,-8.00411331197115
434,-7.64209680981053
435,-7.27751820605917
436,-6.91050085995893
437,-6.54116592229553
438,-6.16963180443133
439,-5.79601196625293
440,-5.42042146076753
441,-5.04297618491525
442,-4.66378748215517
443,-4.28296544057626
444,-3.90061829069273
445,-3.51685718397118
446,-3.13179502017116
447,-2.74554469667743
448,-2.35821839522203
449,-1.96992836610229
450,-1.58078368239976
451,-1.19088975998201
452,-0.800343209652229
453,-0.409233944985679
454,-0.0176489049927239
455,0.374321937868446
456,0.766585695255363
457,1.15904975043708
458,1.55162334525481
459,1.94421596199131
460,2.33674114053757
461,2.72911060801473
462,3.12123731565816
463,3.51303533589347
464,3.90441428551003
465,4.29527850047076
466,4.68553147341675
467,5.07507609547819
468,5.46381224740464
469,5.85164327156457
470,6.23846992066898
471,6.62419827119472
472,7.00872954905321
473,7.39196904783132
474,7.7738241347982
475,8.15420042931768
476,8.5330001487433
477,8.91012495221809
478,9.28547331446137
479,9.65894279099309
480,10.0304223466783
481,10.3997980543375
482,10.7669502335537
483,11.1317602751969
484,11.4941068717981
485,11.8538671893738
486,12.2109143138734
487,12.5651251098734
488,12.9163826065689
489,13.2645737023237
490,13.6095904827107
491,13.9513306534822
492,14.2896979490678
493,14.6246008307364
494,14.9559531141078
495,15.2836717126058
496,15.6076739343591
497,15.9278766663195
498,16.2441989378895
499,16.5565593012658
500,16.8648782138303
501,17.1690816722087
502,17.4691036578978
503,17.7648847702635
504,18.0563685197261
505,18.3435010853424
506,18.6262335072064
507,18.9045211432663
508,19.178327285648
509,19.4476199331425
510,19.712371375079
511,19.972563518099
512,20.2281878167038
513,20.4792397778237
514,20.7257211197092
515,20.9676400232589
516,21.2050071090042
517,21.4378359151516
518,21.666139654707
519,21.8899374423512
520,22.1092496646512
521,22.3241004712489
522,22.5345176307483
523,22.7405324371324
524,22.9421777192164
525,23.1394897735292
526,23.332509768348
527,23.5212885771512
528,23.7058813538883
529,23.8863510445105
530,24.0627632155362
531,24.2351872902025
532,24.403695335881
533,24.5683640584993
534,24.7292672416323
535,24.8864699969775
536,25.0400306477276
537,25.1900011603789
538,25.3364271843072
539,25.4793520876258
540,25.6188182793494
541,25.7548641666029
542,25.8875274796909
543,26.016848081874
544,26.1428660901565
545,26.2656178868654
546,26.3851374517504
547,26.5014553019147
548,26.6145965978017
549,26.7245831626266
550,26.831434749887
551,26.9351710141392
552,27.0358112436569
553,27.1333725258375
554,27.2278705912289
555,27.3193205870796
556,27.4077393959856
557,27.4931455251945
558,27.5755557265286
559,27.6549846249333
560,27.7314483706023
561,27.8049634599752
562,27.8755460851355
563,27.9432134612084
564,28.0079853867921
565,28.0698838963645
566,28.1289325601223
567,28.1851565305766
568,28.2385817128944
569,28.2892345405311
570,28.3371432311369
571,28.3823395363496
572,28.4248585666719
573,28.4647350381713
574,28.5020006917616
575,28.5366883794007
576,28.568830341526
577,28.5984593339338
578,28.6256105030288
579,28.6503212803558
580,28.6726287704243
581,28.6925741647298
582,28.7102051914771
583,28.7255720769381
584,28.7387277711957
585,28.7497291771487
586,28.7586318080728
587,28.765489552943
588,28.7703571918798
589,28.773288294961
590,28.7743357602739
591,28.7735532217544
592,28.7709989446249
593,28.7667349633662
594,28.760826073455
595,28.7533407923
596,28.7443485506868
597,28.7339197408919
598,28.7221249994686
599,28.7090348659527
600,28.6947223341542
601,28.6792607790252
602,28.6627206156257
603,28.6451683244685
604,28.6266665118036
605,28.6072763004565
606,28.5870569815559
607,28.5660644317379
608,28.5443504522964
609,28.5219651223281
610,28.4989560676502
611,28.4753680189794
612,28.4512439710125
613,28.4266227219256
614,28.4015411440783
615,28.3760331417297
616,28.3501312139098
617,28.3238652022436
618,28.2972600914933
619,28.2703349650509
620,28.243107022483
621,28.2155935008039
622,28.1878092066442
623,28.1597665473652
624,28.1314758149725
625,28.1029430431138
626,28.0741705870559
627,28.0451609958099
628,28.0159171588786
629,27.9864474931416
630,27.9567739253286
631,27.9269299555659
632,27.8969579111058
633,27.8669126928411
634,27.836860750059
635,27.8068785742925
636,27.7770495115099
637,27.7474570125468
638,27.7181851365103
639,27.6893145069079
640,27.6609222564214
641,27.6330825207815
642,27.6058660777419
643,27.5793415012553
644,27.5535744676881
645,27.528628511769
646,27.504565059625
647,27.4814403963511
648,27.4593072896918
649,27.4382184779509
650,27.4182265194063
651,27.3993846585221
652,27.3817442733887
653,27.3653574374324
654,27.3502773799683
655,27.3365586546661
656,27.3242544931024
657,27.3134176596956
658,27.3040998286228
659,27.2963500419805
660,27.2902179864696
661,27.2857518010641
662,27.282999375421
663,27.2820062012677
664,27.2828162901866
665,27.2854745414266
666,27.2900276408263
667,27.2965221936905
668,27.3050025564786
669,27.3155123277371
670,27.3280943549139
671,27.3427909424628
672,27.3596438916933
673,27.3786952869614
674,27.3999835363187
675,27.423541185254
676,27.4493862702744
677,27.4775129454398
678,27.5078936191088
679,27.5404806165448
680,27.5752044581542
681,27.611974364321
682,27.6506795630811
683,27.6911968321702
684,27.7334005870199
685,27.7771609761455
686,27.8223481314881
687,27.868833704629
688,27.9164911416875
689,27.9651955492538
690,28.0148233989389
691,28.0652524906042
692,28.1163592631242
693,28.1680204224628
694,28.2201152639651
695,28.2725266178295
696,28.3251380411084
697,28.3778355324324
698,28.4305063009146
699,28.4830405968077
700,28.5353282569833
701,28.5872586143456
702,28.6387216639325
703,28.6896096794972
704,28.7398169863389
705,28.7892402008617
706,28.8377800052864
707,28.8853383216967
708,28.9318199125109
709,28.9771326286737
710,29.0211891913855
711,29.0639063312703
712,29.1052024949135
713,29.1449982214874
714,29.1832151117756
715,29.2197807867222
716,29.254624883825
717,29.2876805265122
718,29.3188838378417
719,29.3481756807587
720,29.3754989316562
721,29.4008004201411
722,29.4240321895228
723,29.4451568106407
724,29.4641521525726
725,29.4810101875663
726,29.4957368420228
727,29.508352287363
728,29.5188910938824
729,29.5274014331336
730,29.5339395733919
731,29.5385635404771
732,29.5413364423897
733,29.5423232011309
734,29.5415883249641
735,29.5391968553103
736,29.5352138676178
737,29.5297050884279
738,29.5227389773533
739,29.5143947329364
740,29.5047588225439
741,29.4939229131269
742,29.4819792910377
743,29.4690238831929
744,29.4551518202695
745,29.4404571443061
746,29.4250321473971
747,29.4089695358688
748,29.3923623833006
749,29.3753027128871
750,29.3578807346562
751,29.3401841121481
752,29.3222979044834
753,29.3043022840645
754,29.2862744682524
755,29.2682874599059
756,29.2504068180524
757,29.2326895914342
758,29.2151847746449
759,29.1979358084721
760,29.1809798569448
761,29.1643481282835
762,29.1480591631142
763,29.1321252880575
764,29.1165501045511
765,29.1013295034252
766,29.086451147691
767,29.0718988295125
768,29.057652700963
769,29.0436894342968
770,29.0299819432487
771,29.0164999759851
772,29.0032105423182
773,28.9900781549068
774,28.9770648036406
775,28.9641301323493
776,28.9512318525802
777,28.9383274194298
778,28.9253745823428
779,28.9123263564535
780,28.8991304599931
781,28.8857326087811
782,28.872076439337
783,28.8581031905014
784,28.8437491238428
785,28.8289412788859
786,28.8135862239552
787,28.7975731996449
788,28.7807760054444
789,28.7630585304963
790,28.744271206471
791,28.7242565868786
792,28.7028489431969
793,28.6798732516514
794,28.6551445706556
795,28.6284686656032
796,28.5996428930029
797,28.5684572480803
798,28.5346962956039
799,28.4981403717862
800,28.4585694009095
801,28.4157625748966
802,28.3694984023994
803,28.3195629241333
804,28.2657508317392
805,28.2078646819738
806,28.1457132225086
807,28.0791109906458
808,28.0078829582627
809,27.9318615280113
810,27.8508832199201
811,27.7647903760221
812,27.67342895623
813,27.5766451344105
814,27.4742802444051
815,27.366169881238
816,27.25214325937
817,27.1320211942037
818,27.0056143143306
819,26.8727231686569
820,26.7331373652866
821,26.5866359086875
822,26.4329867054432
823,26.2719459162273
824,26.1032572275089
825,25.9266538211244
826,25.7418642901446
827,25.5486190295601
828,25.3466444927549
829,25.1356591680455
830,24.9153770590778
831,24.6855131479317
832,24.4457864588759
833,24.1959349565503
834,23.9357147851284
835,23.6648994867947
836,23.3832771500313
837,23.0906529688664
838,22.7868459510839
839,22.4716921630187
840,22.1450469160235
841,21.8067848269754
842,21.4567988961449
843,21.0950001046033
844,20.7213161974682
845,20.3356893515005
846,19.9380745700738
847,19.5284357697735
848,19.106744922366
849,18.6729832286746
850,18.2271315193768
851,17.7691692879885
852,17.2990764744425
853,16.8168332756201
854,16.3224209075074
855,15.8152859879448
856,15.2956122886969
857,14.7635846335801
858,14.2193884630089
859,13.6632112392256
860,13.0952452355094
861,12.5156900375946
862,11.9247529626267
863,11.3226493755998
864,10.709603855176
865,10.0858508684687
866,9.45163459500143
867,8.80720945768429
868,8.15283990294468
869,7.4888006663436
870,6.81537717543221
871,6.1328660045774
872,5.44157375547948
873,4.74181410145983
874,4.03390318528568
875,3.31816313797046
876,2.59492520543353
877,1.86452713692932
878,1.1122979814672
879,0.360068826005078
880,-0.392160329457042
881,-1.14438948491916
882,-1.89661864038128
883,-2.6488477958434
884,-3.40107695130552
885,-4.15330610676765
886,-4.90553526222977
887,-5.65776441769189
888,-6.40999357315401
889,-7.16222272861613
890,-7.91445188407825
891,-8.66668103954037
892,-9.41891019500249
893,-10.1711393504646
894,-10.9233685059267
895,-11.6755976613889
896,-12.427826816851
897,-13.1800559723131
898,-13.9322851277752
899,-14.6845142832373
900,-15.4367434386995
