3.973122197969752847e+02
4.005109236962208001e+02
4.328406173177373830e+02
4.425324846833280503e+02
4.565939114793363274e+02
4.599086865889793216e+02
4.633788946423865696e+02
4.876720209321014750e+02
4.764860963344051470e+02
4.827235233547252733e+02
4.954492910480345245e+02
5.019412316197983159e+02
4.728604445288271449e+02
4.714191341046733328e+02
4.762278866257203731e+02
4.990210416405304272e+02
4.917753552182134058e+02
4.963063570013989079e+02
4.934257796264803915e+02
4.973348972272104902e+02
5.038114726760397843e+02
5.177460767596409141e+02
4.983603114213651111e+02
4.991542847657425455e+02
4.826427250047389066e+02
4.781662890668893624e+02
4.840185946841298801e+02
4.784861544496350234e+02
4.594834055763058700e+02
4.522930465970044338e+02
4.320948969844471321e+02
4.561984217421186827e+02
4.589193828985652885e+02
4.528520729774790539e+02
4.166257313224904237e+02
4.450191007136659778e+02
4.331200757295833341e+02
4.494296385420080355e+02
4.430925411243118788e+02
4.515739142156021444e+02
4.597216549174075908e+02
4.348976891177969719e+02
4.361215426919426932e+02
4.418789426981104498e+02
4.567636150132801731e+02
4.426251235526514733e+02
4.680416648120122431e+02
4.098865696750748384e+02
4.284436952506128478e+02
4.279310692155922311e+02
4.358268004609170703e+02
4.358623635965830658e+02
4.433215537282165428e+02
4.581779130425210838e+02
4.446144397115325546e+02
4.459383365444150513e+02
4.511296931038789353e+02
4.693559416903124770e+02
4.254503496296600815e+02
4.483079298874826009e+02
4.653342884421907684e+02
4.736538820700195629e+02
4.594213752101658770e+02
4.669903639262806223e+02
4.466419147370743303e+02
4.388188692387782908e+02
4.598032187795122354e+02
4.689722806307426026e+02
5.023942674832188118e+02
5.040049602930510559e+02
4.987163522484499367e+02
4.904263451324775360e+02
4.953443246873835051e+02
4.938835895228752975e+02
5.081604077454283583e+02
5.144317253047288432e+02
5.013561608278091057e+02
5.308945281315301372e+02
5.134335400029881384e+02
4.728646740876294530e+02
4.800489558367979726e+02
4.715220037283519900e+02
4.719163061391288920e+02
4.687397998890215831e+02
4.827380241911755547e+02
4.821452063434832098e+02
4.756069806047846669e+02
5.072149445747828054e+02
5.122450585413196222e+02
5.045502948170776563e+02
4.825287556198076118e+02
4.580611312914467135e+02
4.867525038456402058e+02
4.783157952650111042e+02
5.010269453831799638e+02
4.659044966514060206e+02
4.981907265295089928e+02
4.928711799243287146e+02
4.993355585175163469e+02
4.872278727659164019e+02
5.039910713494833203e+02
5.258583459449893098e+02
5.266820672853784799e+02
5.267010537297225028e+02
5.357863380117115639e+02
5.284098787872914045e+02
5.220028735553090655e+02
5.312617057533885827e+02
5.172407563214638913e+02
5.641347356793410199e+02
5.466754064342020456e+02
5.261672737827772153e+02
5.326490401756112760e+02
5.285026016965290410e+02
5.116268171235749378e+02
5.184486474087863144e+02
5.048118461367561736e+02
5.197345476298453377e+02
5.064582904840239621e+02
4.640721926597196898e+02
4.834335528281006873e+02
4.803176032585105872e+02
4.622185630197039359e+02
4.569124642642177037e+02
4.714647388723784616e+02
4.265583195765850064e+02
4.312621012794887179e+02
4.686597913198869492e+02
4.385555837063301965e+02
4.643533137601152134e+02
4.745545279522680744e+02
4.347182995918161055e+02
4.940182182875445278e+02
4.273967711623474770e+02
4.328533238869721345e+02
4.577837917620063308e+02
4.460425988624853062e+02
4.409115557569340922e+02
4.167961132256393739e+02
3.622195466840518066e+02
4.301244006098700652e+02
3.985047051165142875e+02
4.336957458864451382e+02
4.847339476455099430e+02
5.031361644724020152e+02
5.099431340845761156e+02
4.969718301875872157e+02
5.195382565317014496e+02
5.040466248275054113e+02
4.956238493050954617e+02
5.183676301622238043e+02
4.709490418293681842e+02
4.748357610795547430e+02
4.924560894130561906e+02
5.087504299752482666e+02
5.256995339545204615e+02
5.421881592215012233e+02
5.127094693878785847e+02
5.340074905841677264e+02
5.070335294632890282e+02
5.059061177728531788e+02
5.085823433820722244e+02
5.026927491022722165e+02
5.008852163919394229e+02
4.914458261090432529e+02
4.768920213213888246e+02
4.990220436012822347e+02
4.812192847341012225e+02
4.992924994429617982e+02
5.063358569171257386e+02
5.199365345885976240e+02
4.967484272748127978e+02
5.105075905410222390e+02
5.150029126131230441e+02
5.188294517469107632e+02
5.295375340804464486e+02
5.055284363910698744e+02
4.940020242873504799e+02
5.093328970329719709e+02
4.978503791301157548e+02
4.872381347965284135e+02
5.156636500665913445e+02
4.913145631873738921e+02
4.955572620797721584e+02
4.775835005525211727e+02
4.877366092472452692e+02
4.940364359032641346e+02
4.898724323739804163e+02
4.529337699929207020e+02
4.996218570078775087e+02
4.773080766129984340e+02
4.670331893987835201e+02
4.968057970676268269e+02
5.152077250973629816e+02
4.853843837619830310e+02
5.055848098983987597e+02
4.759611328669600425e+02
4.927727671046767455e+02
4.921707020943038629e+02
4.925342627675764220e+02
4.813460293801123839e+02
5.131179201704029538e+02
5.130984311026491014e+02
5.178561576345307458e+02
5.086246159988720024e+02
5.236449178594211844e+02
5.167852552076152506e+02
5.010568829983278647e+02
5.019113467535875657e+02
5.033338852094104823e+02
4.793412145851846162e+02
4.558058797339060106e+02
4.611431448043004480e+02
4.442645608193388398e+02
4.430293444005712900e+02
4.474751389742227730e+02
4.652450966963542101e+02
4.860750970786304492e+02
4.205793623087086530e+02
4.280081774919726740e+02
4.633076731503591077e+02
4.528421358486862118e+02
4.386935148825430133e+02
4.673178789646293581e+02
5.151397868540150284e+02
5.003838526571375951e+02
5.018426048075232870e+02
4.913511982279070480e+02
4.880553247327601980e+02
4.841239510703844644e+02
4.876053732271620333e+02
4.771645418511312755e+02
4.995898317620165585e+02
4.877140555694494424e+02
4.934845488969233998e+02
4.961814184348301637e+02
5.022768161084084682e+02
4.917702715699679175e+02
4.834904342383621838e+02
5.047851027912769268e+02
5.191310046606732840e+02
5.203710214837102512e+02
4.978363184822899257e+02
5.201807378210000934e+02
4.983402452140505261e+02
4.848649296453601210e+02
4.853215428970776770e+02
4.605312150115342433e+02
4.809875258257744122e+02
4.806901288772216958e+02
5.092347199474913850e+02
5.074366955591603414e+02
4.835380026430187286e+02
4.969185043847733141e+02
5.129844052210554537e+02
5.197162687467075557e+02
4.998879874531893392e+02
4.827090220826621589e+02
5.009071770298365323e+02
5.247037259254026367e+02
5.486437824308227391e+02
5.316145219987881774e+02
5.247399355871439184e+02
5.197460918563987207e+02
5.200307683204907789e+02
5.180376434198580000e+02
5.342780175152258835e+02
5.293637690662253590e+02
5.321813600644051121e+02
5.210076774866182632e+02
5.323513877130404808e+02
5.225801373952133417e+02
5.262822436677870428e+02
5.375248831449572435e+02
5.539981949429077304e+02
5.632663668283416882e+02
5.468957853192873699e+02
5.541073903134662260e+02
5.358255313065998280e+02
4.925494898992384378e+02
5.116258398478325375e+02
4.936132088994377796e+02
4.990951813031257984e+02
4.836269223275313038e+02
5.094457772913619920e+02
5.000869924323167197e+02
5.028707587442324325e+02
4.624078286534517588e+02
4.709840761639399602e+02
4.486189920188399469e+02
4.803186442352617860e+02
4.700563795971713148e+02
4.562729446285413815e+02
4.639558168619076355e+02
4.614097961682218170e+02
4.727959390688545227e+02
4.693751165113037587e+02
4.631090584300850992e+02
4.536485423761438938e+02
4.307226485802667639e+02
4.226487903685517722e+02
4.417884108937218457e+02
4.449865166496621214e+02
4.421719122694249222e+02
4.632321232384472864e+02
4.766927731778613975e+02
4.616546328154847174e+02
4.991853363230935088e+02
4.647332568258914876e+02
4.954977295608931627e+02
4.747494075825687787e+02
5.055749202640494673e+02
5.047979793937372506e+02
5.088388743010895610e+02
4.934521253374029470e+02
5.144025660900225603e+02
5.037946010032263189e+02
4.955744141902404749e+02
5.303743960637617647e+02
4.931683282612540324e+02
5.345792738219467992e+02
5.501208958038223500e+02
5.429889501638132288e+02
5.295129837879331944e+02
5.121161977520335995e+02
4.958084307471989973e+02
5.026241140255807522e+02
4.969698179970288834e+02
5.134997565724836477e+02
5.068027229603250703e+02
5.231347818679236070e+02
5.310696752781126406e+02
5.005277215100078934e+02
4.944876135961344517e+02
4.976283753967412053e+02
4.914600695885678761e+02
4.847813940324030000e+02
5.074219151751331083e+02
5.025435304528355118e+02
4.767284342264472343e+02
4.725388872886547915e+02
4.971800478699844348e+02
4.962257550752480029e+02
4.770199157267964551e+02
4.666497615985676362e+02
4.408253622467745458e+02
4.260129106024839984e+02
3.660601043544625099e+02
4.732314444328483205e+02
4.729397424619758112e+02
4.809469825251011912e+02
4.651548129386602568e+02
4.828736894882553088e+02
4.744175376184990682e+02
4.771854985223251902e+02
5.036963370921015439e+02
4.892616886697751397e+02
4.784757047123709413e+02
4.860061728003050803e+02
4.827980944452867220e+02
4.134210928339288103e+02
4.679732898360759918e+02
4.844811657845947934e+02
4.650075268208032071e+02
4.445638311873785256e+02
4.711358615091829165e+02
4.265243252148698048e+02
4.811496648653098873e+02
4.603943961431328944e+02
4.578045434462179060e+02
4.694709788687688388e+02
4.806859681746493607e+02
4.744628541835493252e+02
4.853483285229279431e+02
4.940192303949310713e+02
4.985027582671935420e+02
4.480725387702308353e+02
4.697893144804381222e+02
5.106564402805471445e+02
5.143170228565256821e+02
5.074022073266926327e+02
5.376430042323623866e+02
4.963234832243987285e+02
5.330121949824413150e+02
5.366032053575528380e+02
5.519501789111042171e+02
5.451541066524217740e+02
5.661528062281419125e+02
5.784816332434419337e+02
5.505869595259226799e+02
5.615122438558219073e+02
5.326856483893667473e+02
5.300047169601417636e+02
5.072139587984542004e+02
5.448128118904694475e+02
5.443197589652611441e+02
5.283001041075044668e+02
5.310112993148073883e+02
5.250285706511599528e+02
5.160600740223951561e+02
5.240887329450996504e+02
5.456949697404219251e+02
5.527784366271897625e+02
5.780709299039349389e+02
5.731177889404585812e+02
5.389332055088088964e+02
5.099548999666538975e+02
5.578100034958139304e+02
5.314160328781961198e+02
5.128635296060737119e+02
5.072957717150814005e+02
5.188959433258271474e+02
5.160862331045074143e+02
5.001729700813509680e+02
5.083414207006940160e+02
5.291493173008918802e+02
4.706261786173820383e+02
4.974957286248797459e+02
4.984044542337076678e+02
4.960120966266850928e+02
4.823028094465136064e+02
4.837685396964130859e+02
4.954624102795286831e+02
5.260883956142731677e+02
5.154987875834433453e+02
5.337930310522983746e+02
5.411349184815187527e+02
5.449935779438139889e+02
5.608083451590213144e+02
5.644864923096034772e+02
5.490646592160162527e+02
5.608208270027067783e+02
5.286501678804235098e+02
5.564719220230253995e+02
5.488469732083798363e+02
5.287541962008433529e+02
5.452476501554133392e+02
5.308869936248203203e+02
5.305572542148490811e+02
5.171469810411736034e+02
5.005087411824093238e+02
5.115525388462068577e+02
5.295177050864305102e+02
5.099882351584200819e+02
5.110802285355989056e+02
4.908085166335237659e+02
4.920335354424533421e+02
4.746693586065989052e+02
4.742309563915034119e+02
4.587177781599488071e+02
4.534721601157010582e+02
4.687397998890215831e+02
4.763559593413312427e+02
4.563715591489022927e+02
4.614282176026949287e+02
4.466407952706514948e+02
4.840568148471829772e+02
4.565216314699666214e+02
4.508758143879531985e+02
4.639989224125417877e+02
4.279836445473121103e+02
4.286782009853078534e+02
4.502665877011084490e+02
4.284576991956148504e+02
4.639859911678368576e+02
4.487571726446274738e+02
4.428690551393266901e+02
4.375294275817341827e+02
4.397647098165108446e+02
4.206494978007224290e+02
4.158425182686349331e+02
4.364722213383114990e+02
4.205365620252298413e+02
4.080722975160161354e+02
4.300685991792472009e+02
4.128401627748928036e+02
3.913029516883306087e+02
4.113137488584596326e+02
4.181973218469960329e+02
4.204331100187043830e+02
4.067726637816263064e+02
3.997661816612305756e+02
3.808805587057444200e+02
3.901051140397931363e+02
4.118749810318660138e+02
4.013103537164222985e+02
4.054392679551402239e+02
4.097059921455872313e+02
3.880283494797770345e+02
3.897640311778396836e+02
3.794706839796718896e+02
3.815271943125417806e+02
3.937118235461058475e+02
3.924971337474963207e+02
3.959166578965831036e+02
3.562078045186545410e+02
3.639340599614166649e+02
3.795194329675359199e+02
3.734715517947786338e+02
3.759055732494531412e+02
3.858665572448589387e+02
3.740481252459367738e+02
3.547900787789872652e+02
3.761329552166361054e+02
3.821033891501094786e+02
3.532860031192857946e+02
3.667505964548660700e+02
3.726700953926944635e+02
3.563551599177427534e+02
3.776824062621927283e+02
3.657922907880919183e+02
3.593828042630865980e+02
3.682906460935438986e+02
3.713260023214102716e+02
3.691408945104836334e+02
3.677444765050863680e+02
3.598291261140487336e+02
3.718790125833938305e+02
3.436000582072127827e+02
3.387048862948392980e+02
3.623216802787268875e+02
3.622788980881994689e+02
3.508959959874150627e+02
3.404364845312558714e+02
3.441060882925497140e+02
3.333016651623570965e+02
3.381050132725038679e+02
3.617678813825240809e+02
3.622154055254966920e+02
3.633001513900042596e+02
3.316157414840254773e+02
3.403982961179447670e+02
3.367001633501237166e+02
3.404820112722550220e+02
3.455068740271313459e+02
3.412565017695633856e+02
3.468501117197455983e+02
3.519644868449088335e+02
3.505481422001834062e+02
3.327581704481499401e+02
3.262744243731034430e+02
3.408225344662527050e+02
3.390973311602436979e+02
3.535958144548659448e+02
3.378564784046622549e+02
3.512563166691810466e+02
3.499957142594748802e+02
3.360059523282288296e+02
3.187961731263410456e+02
3.408797441914083493e+02
3.477829783068746110e+02
3.357439500571827011e+02
3.311344137959689533e+02
2.992691096655316301e+02
3.519275493620810380e+02
3.269067145226601383e+02
3.500499964290815456e+02
3.390486690727453833e+02
3.310135948869773870e+02
3.419473643706001553e+02
3.248230287402665226e+02
2.871759042816789247e+02
3.423550788289842330e+02
3.750666607417940099e+02
3.660723972112620004e+02
3.521959681768091741e+02
3.525620512760838778e+02
3.428323205300224004e+02
3.519048166763279823e+02
3.495182398673923103e+02
3.482341166514274846e+02
3.723774966347993427e+02
3.419766073871135177e+02
3.390943821416096284e+02
3.580293284076040550e+02
3.449405745922042001e+02
3.645668662947854841e+02
3.329549519079120046e+02
3.450043477986907874e+02
3.563916385102209574e+02
3.308745986019476959e+02
3.363406011768427675e+02
3.543388209045122608e+02
3.323492139301671386e+02
3.608628548354623717e+02
3.430961964231022989e+02
3.412154744439354772e+02
3.336225412048772228e+02
3.214249523605782315e+02
3.280320106331087686e+02
3.409604082587889025e+02
3.438895171417703978e+02
3.312597168386159296e+02
3.280091462139432679e+02
3.342902930089355777e+02
3.342095151248689149e+02
3.464520168796827875e+02
3.326319287140066194e+02
3.158179855549711874e+02
3.490028653177506612e+02
3.337079561532808043e+02
3.478706656215783823e+02
3.122130682722938104e+02
3.337289319193048414e+02
3.309078421554859233e+02
3.175059054568906731e+02
3.252460606986654739e+02
3.044930212664979763e+02
3.152221438922081802e+02
3.361993456269657941e+02
3.171435006428478118e+02
3.301302773148806295e+02
3.411290078547996814e+02
3.231686866019045397e+02
3.466972742898334445e+02
3.338577541408915863e+02
3.342528982671653921e+02
3.241157200754076371e+02
3.198140084486606725e+02
3.202202367121728344e+02
3.261901286060017924e+02
3.184399472428042941e+02
3.359568424664096824e+02
3.165343583246532830e+02
3.102031592360077639e+02
3.166133288413486753e+02
3.167980429232478627e+02
3.248368821424069779e+02
3.126995362964262313e+02
3.436146097010428093e+02
3.388406705222972732e+02
3.412389192340170325e+02
3.251737996825697792e+02
3.334381501868074906e+02
3.425711604907803576e+02
3.251276672324273136e+02
3.049836061167878825e+02
3.172806328788443579e+02
3.020413878924542246e+02
3.389055915738186968e+02
3.140254766734699388e+02
3.459046111285595657e+02
3.276079974603794653e+02
3.453462031063900213e+02
3.306085298355140480e+02
2.967102964172291877e+02
2.956416750054024192e+02
2.980050335145364784e+02
3.070455992193993211e+02
3.341197390158204712e+02
3.310891118717134987e+02
3.310709893663291155e+02
3.377543486026493724e+02
3.357245895075307089e+02
3.230263147175474501e+02
3.177703573337198577e+02
3.169006153354707749e+02
3.185184453057624978e+02
3.479051594903415889e+02
3.259509165503296799e+02
3.257115288103876765e+02
3.229365262710305160e+02
3.489985673323029687e+02
3.584020089229411496e+02
3.514413180034470656e+02
3.475600667510581729e+02
3.457773850326246929e+02
3.655557413035664354e+02
3.827466525000577917e+02
3.356218109718139431e+02
3.771259736480636775e+02
3.825218947981932160e+02
3.882190103536919992e+02
3.686977081566957395e+02
3.494753210170927105e+02
3.551830513974448991e+02
3.563214840561820438e+02
3.421739323794259917e+02
3.470720386317514681e+02
3.555685587900032374e+02
3.417016242279219682e+02
3.383223315124202486e+02
3.248861338992478522e+02
3.415435550555741315e+02
3.263663585604373907e+02
3.354936661101070854e+02
3.256286228205377142e+02
3.309984894225349876e+02
3.373796081567467695e+02
3.524003405219694400e+02
3.431151410241174631e+02
3.779748668893211061e+02
3.619709933130001787e+02
3.608614692648690152e+02
3.739518685606477675e+02
3.369183877439757566e+02
3.420014619851792190e+02
3.380843090118203236e+02
3.344727193658699775e+02
3.441017291441587531e+02
3.444720598248862302e+02
3.456501121076051390e+02
3.217017252051968512e+02
3.342484106170140308e+02
3.311449833532134335e+02
3.368426932560657292e+02
3.244040690250354828e+02
3.312612262248632078e+02
3.355100594617097158e+02
3.345026158343160319e+02
3.441104473857194535e+02
3.139331138953009486e+02
3.263020073490201298e+02
3.253505801439425795e+02
3.156041824817915540e+02
3.209579411698672970e+02
3.354772719574308439e+02
3.310770303116783566e+02
3.171119676076574478e+02
3.037894007367603990e+02
3.573499685182580379e+02
3.612865898424684019e+02
3.653573593072952121e+02
3.454475358140509229e+02
3.696877060438986291e+02
3.658592625587057796e+02
3.675037414775528646e+02
3.525351046349852595e+02
3.442077860827671429e+02
3.781891061360705066e+02
3.666756059516367827e+02
3.680801543142471814e+02
3.611744730736102156e+02
3.586181813572758870e+02
3.546885958132851897e+02
3.417879459547981469e+02
3.411348706889988875e+02
3.630192832343758482e+02
3.502998715386575554e+02
3.542936635052904535e+02
3.391194479825655890e+02
3.524953900407776928e+02
3.477326559298105622e+02
3.232769710325806614e+02
3.407051511204372787e+02
3.534572109888267732e+02
3.226112211315657419e+02
3.482829309627447287e+02
3.482240657967223001e+02
3.677730278310251606e+02
3.436146097010428093e+02
3.671552805013159286e+02
3.571148274715010871e+02
3.465616828213990743e+02
3.146601341129822913e+02
3.350388037227926930e+02
3.610387790805857549e+02
3.157419832711512981e+02
3.259677898197918466e+02
3.278017693667927688e+02
3.455285805834301982e+02
3.341122565845197983e+02
3.442194067742258881e+02
3.243038698504844888e+02
3.495711658589706872e+02
3.488853679935574519e+02
3.334126572282461893e+02
3.353967799487645607e+02
3.590348172531460591e+02
3.798183776491074468e+02
3.592366907764294410e+02
3.641716628185120044e+02
3.325717967597372535e+02
3.676411293639491760e+02
3.479109081359766833e+02
3.868074456367147036e+02
3.639945054530356288e+02
3.392978042958721971e+02
3.807229964160295026e+02
3.701621266418270579e+02
3.535095472543846427e+02
3.659849723690851420e+02
3.663959606764244654e+02
3.573723548345618610e+02
3.271956601179178392e+02
3.439709290041819827e+02
3.401573165463297528e+02
3.647464873031678962e+02
3.787400163700688154e+02
3.656227564033727049e+02
3.699540512009565987e+02
3.328453094156503198e+02
3.824486893689139038e+02
3.618245431144769668e+02
3.644392953565792368e+02
3.288175786055240906e+02
3.463221044057107179e+02
3.553955542772025069e+02
3.565683665161563454e+02
3.718090907979523649e+02
3.774016428157142968e+02
4.011171898585250233e+02
3.305586180997252654e+02
3.586265467028340481e+02
3.318041591059400730e+02
3.248153321504389623e+02
3.151904186361000484e+02
3.651150503608417353e+02
3.304905444940898747e+02
3.132842160084034617e+02
3.272506684485151709e+02
3.116568625908950025e+02
3.353863443850986528e+02
3.257990178008521980e+02
3.098806221757017170e+02
3.363064079080266424e+02
3.140652798384437574e+02
3.261349413969622333e+02
3.319969879381437750e+02
3.356024433760874786e+02
3.478016676210739320e+02
3.269342441531630357e+02
3.164522080820419774e+02
3.313004678535784819e+02
3.357111853960186636e+02
3.402440300725348266e+02
3.304814669538974385e+02
3.261180767758818888e+02
3.142101207790735771e+02
3.161392098427526776e+02
3.598944289649396637e+02
3.414059167618510742e+02
3.575723702972588285e+02
3.557414791671052967e+02
3.655653156414049363e+02
3.524826236851966996e+02
3.491360766234277548e+02
3.520724357287857629e+02
3.430845376871420740e+02
3.388480485409352241e+02
3.659726765757247335e+02
3.592436499090832740e+02
3.357886239883656572e+02
3.414454568448671239e+02
3.510840355242602300e+02
3.207241805664175445e+02
3.617817021354175608e+02
3.493408078080772725e+02
3.543190652505168146e+02
3.202233595476757273e+02
3.319593348589552875e+02
3.376551495238892358e+02
3.520326689385518080e+02
3.431165982577933846e+02
3.354489528974565360e+02
3.722996105289394677e+02
3.620262421427485151e+02
3.822473021487529081e+02
3.610830929301453693e+02
3.692790272950794019e+02
3.761302965728764320e+02
3.333586657040731325e+02
3.505552738156994224e+02
3.213876164384682852e+02
3.594398419763730317e+02
3.450999855114456523e+02
3.369643898099619719e+02
3.410630440255877147e+02
3.529334214834293562e+02
3.503526794531476298e+02
3.483403508065064784e+02
3.314679471683498946e+02
3.310740098527820123e+02
3.495911898203385704e+02
3.259861960267642758e+02
3.353222330833432920e+02
3.610360092843925486e+02
3.367239225240761016e+02
3.496498248247809215e+02
3.385675708038205016e+02
3.476334276216830972e+02
3.632547315589984009e+02
3.630482061655173425e+02
3.533496851562202892e+02
3.735237609577200715e+02
3.876325579721084296e+02
3.603775797687753197e+02
3.540310720826633997e+02
3.366570955735227244e+02
3.800670993390509125e+02
3.846816865929544065e+02
3.684738796712733233e+02
3.641153663332543147e+02
3.783860462543511858e+02
3.385439410180013624e+02
3.376462646024682499e+02
3.593661085856595037e+02
3.738007490629198628e+02
4.198297273895692001e+02
3.440581346226244932e+02
